8 64 64
-0.0946413 147.121 1 641 
1.07749 34.0475 0 115 
-0.141029 141.625 0 940 
-0.24947 159.52 0 626 
0.247223 109.919 0 20 
-0.0586368 153.946 0 833 
0.860286 36.5494 0 731 
1.10787 -47.9046 0 593 
-0.17008 89.3152 1 757 
-0.176531 97.7595 0 876 
0.0689891 80.0064 0 690 
-0.0475011 92.193 1 896 
0.0974149 82.0726 0 458 
0.533299 -9.21815 0 982 
-0.0610459 105.411 0 282 
0.141916 95.1722 0 545 
-0.0395314 113.318 0 231 
0.77181 0.0658297 1 508 
0.387742 56.6627 0 728 
0.393728 64.2187 0 655 
0.366509 65.3202 0 181 
-0.0806086 116.705 0 814 
-0.0512985 119.162 1 859 
0.0702065 105.151 1 613 
0.593602 36.4617 1 667 
-0.0474998 118.103 1 518 
0.0795172 107.158 0 648 
-0.437281 186.139 1 606 
0.0478443 107.663 0 663 
0.123887 95.8416 0 97 
0.0383065 108.401 1 146 
-0.100198 125.162 0 963 
0.165146 102.667 0 964 
0.278168 75.4633 1 921 
0.0975015 103.475 0 769 
-0.0750367 114.848 0 878 
0.703358 9.48708 0 286 
-0.0999887 122.371 1 786 
-0.143995 110.256 0 725 
-0.0990049 105.224 0 263 
1.25627 -119.834 0 884 
0.666069 11.8708 0 884 
-0.159414 150.502 0 513 
-0.144773 157.501 1 276 
0.0437949 125.805 0 424 
-0.293047 172.034 0 696 
-0.132961 136.728 0 965 
0.0692114 126.962 0 523 
0.268613 96.8286 0 760 
0.184869 108.546 0 867 
-0.374821 202.112 0 469 
0.371679 141.488 0 706 
1.34363 -7.74127 0 483 
0.146867 79.4938 0 212 
0.0539449 93.5457 0 690 
-0.165234 133.813 0 828 
-0.0857438 112.872 0 647 
-0.0597768 107.796 0 740 
-0.0606222 108.609 0 523 
0.405697 47.3576 1 478 
0.112825 90.9342 1 803 
0.0383023 102.312 0 663 
0.758828 -2.23872 1 33 
-1.12699 187.123 1 410 
-0.0632941 140 0 647 
-0.501406 230.351 0 373 
0.682373 41.9359 0 666 
-0.359278 177.384 1 119 
0.240778 119.66 0 909 
-0.0640954 154.101 1 236 
-0.425931 177.487 0 321 
0.54775 36.6894 0 3 
0.169451 67.6219 0 471 
0.372354 19.6354 0 403 
0.087337 80.3859 0 973 
-0.568251 128.009 0 192 
-0.343615 132.467 1 760 
-0.0454447 100.209 0 929 
0.0430103 95.2926 1 787 
0.260712 91.4146 0 693 
0.496564 82.3343 1 812 
0.178813 99.7909 0 934 
-0.186451 116.3 1 971 
0.329278 92.6161 0 749 
1.60872 -62.5395 0 40 
-0.287563 145.197 1 140 
-0.142161 129.527 1 601 
-0.525215 166.853 1 30 
-0.438004 196.957 0 734 
0.0497853 102.23 1 495 
-0.0299529 112.688 1 875 
-0.0437783 114.188 1 277 
0.0798786 104.88 1 678 
-0.0560666 111.899 0 932 
0.0323669 107.236 1 327 
0.543459 36.3569 0 730 
0.0270714 105.254 0 424 
-0.349599 125.222 1 715 
-0.0822827 122.163 1 274 
-0.709564 203.89 1 602 
-0.161857 115.533 0 649 
0.180567 87.0825 1 752 
0.695057 18.2423 0 889 
0.534427 24.4787 1 656 
-0.306806 128.673 1 920 
0.954018 -56.6138 0 949 
-0.515534 207.681 1 477 
0.874188 60.0019 1 198 
0.349503 118.784 1 693 
0.0793744 129.842 1 183 
0.556081 70.9928 1 11 
0.0429036 128.475 1 521 
-0.0631782 135.523 0 967 
0.662603 41.7553 0 86 
0.668538 44.8871 0 57 
1.86064 -40.4288 1 825 
-0.507417 264.231 0 57 
-2.60893 390.29 1 826 
0.176286 75.3853 1 296 
0.65472 40.1249 0 201 
-0.579524 169.03 0 880 
0.0801085 98.699 0 907 
0.0319446 101.748 0 250 
-0.730131 201.647 1 666 
0.420599 55.312 0 817 
0.0922682 94.8939 0 557 
0.426241 29.2483 0 798 
0.210202 33.8691 0 156 
-0.48385 185.147 0 1006 
0.0494071 129.724 0 712 
0.210709 113.73 1 138 
0.526399 98.3079 0 132 
-0.0468998 147.146 0 709 
-0.048558 145.495 0 928 
0.256073 104.869 0 131 
0.590117 22.9348 0 707 
-0.0594151 81.9432 0 663 
0.452786 19.4424 0 98 
0.186332 78.4328 0 492 
0.24299 39.997 0 240 
0.260656 63.3048 0 893 
-0.198923 108.304 1 644 
0.643108 25.7829 0 943 
0.0476997 96.5952 0 713 
-0.0629692 115.161 1 334 
0.0241633 105.543 0 651 
0.212865 99.3008 1 965 
0.0305144 105.868 1 375 
0.173124 79.6147 0 499 
0.193345 83.0482 0 624 
-0.0683644 117.778 1 379 
0.959288 -27.2176 1 318 
-0.120872 127.414 0 803 
0.116969 96.3857 0 97 
-0.251171 131.605 1 454 
-0.155834 134.766 1 464 
-0.0900807 114.77 0 774 
0.0353276 104.512 0 518 
0.220332 94.7863 0 1016 
0.0622712 107.487 0 533 
0.749363 7.54709 0 539 
0.233438 98.0395 1 908 
-0.0648789 113.405 1 969 
0.291802 79.5005 0 102 
-0.410994 126.926 1 781 
0.413534 89.026 0 536 
0.044696 101.219 0 554 
0.107911 91.6857 0 533 
-0.449295 180.605 0 853 
0.665686 34.4548 0 20 
0.145809 113.743 0 994 
-0.581607 165.938 1 736 
-0.602012 188.944 1 101 
-0.0941663 146.235 1 830 
-0.0766522 142.95 1 549 
0.75047 29.7732 1 540 
-0.645536 184.248 0 197 
-0.36617 179.31 0 56 
-0.0544405 132.443 0 805 
0.699366 40.1189 0 90 
0.198828 176.392 0 216 
2.38832 -131.762 0 657 
0.351837 64.2357 0 179 
-0.964523 227.075 0 730 
-0.247802 114.721 1 782 
0.70861 -0.557778 1 444 
-0.356067 163.468 1 434 
0.501405 64.0985 1 70 
0.161554 84.0971 1 526 
0.855581 14.4352 0 93 
-0.683356 167.914 0 371 
0.765433 -63.8515 0 64 
-0.383133 183.053 0 89 
0.481757 97.8205 0 320 
0.167746 120.614 0 1018 
0.917723 -34.5829 1 342 
0.104445 128.996 1 337 
0.686307 45.246 1 697 
0.0457949 128.804 0 886 
0.626107 31.009 0 163 
-0.0609871 82.4045 0 424 
0.221849 60.9969 0 353 
-0.211256 110.556 0 330 
-0.338414 131.477 0 728 
0.0503273 82.177 0 928 
0.0469814 86.9119 0 832 
-0.038314 104.853 1 155 
0.185314 76.2103 0 818 
-0.210327 130.863 0 204 
0.578671 48.9696 0 136 
-0.0696638 118.187 0 392 
0.408806 91.1176 1 736 
-0.185686 133.936 0 477 
-0.060033 120.534 0 918 
0.159742 97.07 0 726 
0.453175 49.8434 0 882 
-0.495944 152.328 1 893 
0.0831901 99.2627 1 953 
-0.163868 117.674 1 847 
0.324238 60.6381 0 53 
-0.0426855 108.45 1 647 
0.254442 76.7468 1 363 
0.763578 19.0756 0 1008 
-0.215883 148.255 1 239 
0.0936893 99.3501 0 186 
-0.283661 119.633 0 781 
-0.280661 119.902 1 747 
0.0512818 100.922 0 709 
-0.109346 119.968 0 601 
-0.524332 152.01 1 37 
0.214514 63.1247 0 860 
0.297383 59.3476 0 596 
0.102517 84.7637 1 428 
-0.365899 152.283 0 3 
0.725145 3.11866 0 884 
0.388273 84.8978 1 475 
0.599131 65.2421 1 120 
0.0956554 123.869 0 835 
0.110405 130.336 0 908 
0.410543 86.4589 0 975 
-0.774056 193.864 0 389 
-0.162751 153.871 1 328 
0.216381 88.74 1 241 
0.506642 65.0057 0 122 
2.60655 -136.196 1 825 
-0.247278 234.714 0 57 
0.889599 9.65896 0 26 
0.522576 -3.96117 0 1014 
-0.0456459 106.053 0 788 
0.28612 74.3343 0 83 
0.471112 62.811 0 38 
0.109094 93.0858 0 557 
0.972228 2.90677 0 93 
0.2536 28.9925 1 964 
-0.0567287 45.2045 1 692 
-0.198257 68.2901 0 35 
0.205145 100.941 1 272 
-0.297605 171.964 0 235 
0.302056 88.0766 0 607 
-0.157668 161.129 0 77 
0.0967611 132.981 1 62 
0.194999 99.2467 0 208 
-0.273354 159.339 0 257 
0.616362 31.275 0 163 
-1.27165 316.991 1 670 
-0.0380619 85.7826 0 714 
0.0379762 81.9859 1 833 
0.0407861 81.8631 1 377 
0.628548 20.0207 0 1005 
-0.0433837 95.5194 0 836 
0.03413 94.0044 0 359 
0.509052 54.8967 0 6 
-0.116787 119.787 0 328 
-0.155853 114.472 0 662 
-0.683328 161.233 0 480 
0.36787 53.9875 0 2 
-0.311781 164.734 1 436 
0.186295 77.3068 0 271 
-0.521958 133.139 1 748 
0.19114 89.5151 0 265 
-0.060552 113.415 0 253 
0.174428 92.9727 1 822 
0.242195 70.5666 1 543 
-0.186414 110.397 1 907 
0.0530431 94.7984 1 829 
0.188734 70.0214 0 238 
0.0883973 91.2642 0 25 
-0.121104 114.338 1 215 
0.675633 20.0171 0 762 
0.0495479 104.537 0 524 
0.476045 20.1165 1 371 
-0.0912335 109.853 0 773 
0.0538959 101.865 1 524 
0.0373768 101.68 0 743 
-0.083753 111.219 0 942 
-0.0612365 104.896 1 146 
0.0592544 86.6206 0 833 
0.961459 -69.6592 0 852 
-0.384947 176.077 0 596 
0.738596 39.185 1 824 
0.0555893 133.033 0 396 
-0.171517 160.541 1 258 
-0.911036 207.299 0 229 
0.295835 78.2688 1 797 
-0.295574 146.517 1 127 
0.350099 91.6048 1 204 
0.341717 85.9461 1 542 
0.242072 90.0245 1 338 
-0.462115 215.094 0 91 
0.511946 133.398 1 559 
-0.843317 239.44 1 768 
-1.00627 297.801 0 123 
-0.16295 112.151 0 826 
0.296642 48.1697 1 436 
0.154215 82.2532 1 526 
0.916166 6.65763 0 93 
0.308343 26.3001 1 439 
0.296984 31.7558 1 566 
-0.0950581 53.082 0 737 
0.0642227 34.7553 1 682 
-0.302327 166.894 0 233 
-0.94884 268.587 0 762 
-0.288489 157.637 0 940 
0.239079 104.42 1 195 
-0.0664411 143.566 1 986 
0.146721 120.444 1 205 
0.0784135 124.909 0 929 
0.67182 24.2195 0 163 
-0.0967569 80.6967 0 663 
0.116297 62.199 0 25 
-0.0602666 95.7611 0 767 
0.540794 33.7686 0 201 
-0.36773 99.8981 1 95 
0.158444 72.2132 0 474 
0.0456319 93.5099 0 887 
-0.0340016 103.648 0 843 
0.0516581 98.5463 0 553 
-0.832713 204.663 0 153 
-0.0725761 110.029 0 1022 
0.885021 -1.05669 0 152 
0.424269 87.434 1 95 
0.0686916 102.112 1 618 
0.689484 34.5818 0 81 
0.515899 63.0523 0 101 
0.225863 94.0799 0 814 
-0.174367 136.51 1 404 
0.781823 41.7107 1 417 
0.653541 68.0438 1 347 
0.500403 82.11 1 864 
0.627243 74.931 1 896 
-0.409791 184.679 1 918 
-0.734913 213.413 1 883 
-0.432563 165.853 1 1012 
0.150747 98.4394 0 779 
0.109927 98.8853 1 783 
0.218528 80.1716 0 331 
-0.559303 149.943 0 390 
0.300937 49.856 0 144 
-0.195843 117.572 1 831 
0.0259659 94.3268 0 842 
-0.119714 103.705 0 942 
0.557044 4.6711 0 981 
0.510387 39.1367 0 1013 
-0.157851 141.33 1 751 
-0.298575 169.633 1 655 
-0.188762 161.602 0 290 
-0.305454 147.24 0 812 
-0.0675656 144.179 0 796 
-0.0323627 136.963 0 787 
0.499019 63.9509 0 542 
-0.192404 151.572 0 753 
-0.373192 139.049 0 219 
0.281279 90.2095 1 113 
1.90905 -24.3386 1 826 
0.0999462 186.555 0 123 
0.871193 13.5881 0 91 
-0.692761 177.821 0 921 
-0.688163 180.901 0 858 
-1.28252 188.465 1 1021 
0.135376 32.8101 0 746 
-0.0650939 53.4598 0 829 
0.400936 -1.35322 1 785 
-0.960966 140.697 0 39 
-0.627709 131.997 1 444 
0.239941 107.697 1 543 
-0.0898067 152.084 0 861 
1.59787 -81.7912 1 542 
-0.60577 209.485 1 948 
0.546525 53.2744 0 546 
-0.071354 143.794 0 428 
0.222991 106.709 0 483 
0.652116 27.589 0 163 
0.0967383 62.0604 1 582 
-0.165462 102.491 0 803 
-0.283694 137.662 0 436 
0.287566 44.7914 1 571 
0.111874 79.0321 0 966 
-0.120164 115.067 0 312 
0.127026 78.9354 0 174 
-0.53152 177.429 1 508 
0.49303 62.8186 1 101 
0.214049 77.6138 0 543 
0.272945 54.7457 1 310 
0.631284 46.1548 0 199 
0.664456 15.9153 0 762 
0.14367 97.4723 1 726 
0.342389 63.0778 0 543 
0.309979 88.7706 1 347 
0.5299 82.5465 0 783 
0.220137 106.466 0 722 
-0.145556 164.292 0 829 
0.730409 105.331 0 132 
0.761915 89.9788 0 1017 
0.127746 155.304 1 755 
0.351003 98.7363 0 249 
-0.439426 194.335 1 854 
-0.711103 242.247 1 91 
-0.463782 187.756 1 820 
-0.370496 171.362 1 981 
0.0497817 101.85 0 375 
-0.141325 111.502 1 869 
0.476334 63.0308 1 37 
-0.925795 195.273 0 1005 
0.221535 67.307 0 628 
-0.341018 153.37 0 852 
-0.327293 137.335 0 163 
0.554366 42.2822 0 258 
-0.428276 171.536 1 47 
0.469901 36.7019 0 885 
-0.0547527 136.945 0 429 
0.117251 111.39 1 433 
0.325222 88.4371 1 731 
0.326309 87.9228 1 763 
-0.0516891 129.852 1 588 
-0.190761 146.604 0 753 
0.0418044 115.718 1 875 
-0.425436 172.828 0 1011 
0.366526 101.915 1 788 
1.50828 12.9771 1 825 
-0.613422 234.676 1 768 
-1.32746 260.263 0 216 
0.44593 18.9171 0 798 
-1.27427 217.25 1 538 
-0.144285 59.8219 1 128 
-0.107856 69.4975 0 249 
-0.148239 69.0507 1 700 
0.340107 -11.7554 1 948 
0.0280739 37.0441 1 843 
0.206437 129.036 0 190 
0.331816 98.1553 0 128 
0.61047 61.0031 0 1022 
-0.587755 175.855 0 259 
0.157394 110.865 0 732 
0.0482252 138.085 0 1001 
0.212353 109.093 0 451 
0.731993 18.2684 0 163 
-0.0687919 73.4987 0 663 
0.0906045 69.6081 1 552 
0.477877 15.7128 1 571 
-0.178016 106.913 0 754 
-0.0695205 94.9762 0 277 
-0.0508239 95.8897 0 535 
0.445351 61.1548 1 512 
0.187025 66.7572 0 239 
-0.0582999 105.22 1 521 
0.0495804 98.1902 0 680 
-0.120004 109.786 1 221 
-1.04739 302.819 1 373 
-0.54785 210.525 1 312 
-0.265371 150.653 0 375 
-1.9551 487.208 1 342 
0.40972 86.8963 0 718 
-0.231414 157.526 1 700 
0.120916 120.531 1 648 
1.26157 -7.02432 0 943 
-1.46151 274.958 0 37 
-1.13597 210.445 1 252 
0.113164 155.979 1 400 
0.12924 154.337 1 494 
-0.234445 189.243 0 876 
-0.180714 192.991 1 491 
-0.508259 204.12 1 854 
-0.59561 225.093 1 178 
-0.517503 190.73 1 981 
-0.624955 155.754 1 198 
0.0629542 95.8612 0 396 
-0.318367 132.998 0 911 
0.274626 57.4619 0 604 
0.847954 -20.3846 1 119 
-0.273908 136.328 0 547 
-0.09026 128.709 0 567 
-0.0706313 128.703 0 710 
0.0650079 115.288 0 923 
-0.466718 193.483 0 510 
0.0582964 123.027 0 937 
-0.110103 129.846 0 190 
-0.391377 167.971 1 946 
-0.141961 144.062 0 174 
-0.0873177 131.111 0 333 
0.23143 73.5036 1 208 
-0.32578 181.606 0 766 
0.076781 112.558 0 522 
1.10612 -27.8282 0 25 
0.341996 181.05 1 985 
3.10874 -203.015 0 246 
0.16172 30.8836 1 156 
-1.13961 167.344 1 11 
-0.642584 136.322 1 382 
-0.275438 73.6747 0 298 
-0.37845 114.395 1 240 
-0.105715 51.2293 1 583 
1.02246 -157.261 1 702 
0.0893284 132.757 0 955 
0.527747 58.9088 0 128 
0.712074 14.3008 0 160 
0.692434 8.01947 0 994 
0.471461 70.1314 0 610 
-1.38736 290.671 0 40 
-0.323153 163.927 0 193 
0.660977 24.3952 0 163 
-0.0747379 70.7466 0 663 
0.305639 43.0277 0 590 
-0.0957946 94.5573 0 691 
0.0373312 78.2163 0 618 
0.280398 51.3218 0 140 
0.0499462 85.3132 0 928 
-0.758629 187.467 0 154 
0.190894 75.6552 0 394 
-0.362407 126.259 1 260 
-0.142063 124.319 1 302 
-0.269225 114.944 1 812 
-1.04797 292.038 1 175 
-0.807625 188.714 0 594 
-0.102048 116.133 1 722 
0.557386 80.25 1 126 
0.0690171 109.538 0 695 
0.12738 108.546 1 528 
0.0744007 113.08 1 714 
-0.63886 201.555 1 752 
0.509598 62.7423 0 269 
-1.17459 204.606 1 939 
-1.70658 362.976 0 945 
0.26709 136.588 0 333 
-0.181669 193.038 1 614 
0.358484 124.589 0 466 
0.0551036 183.661 1 493 
-0.564877 228.505 1 179 
-0.853882 262.714 1 91 
0.302939 53.7171 1 3 
-0.461933 163.71 1 883 
0.629259 11.5276 1 88 
0.0694434 85.7199 0 941 
0.689668 -0.874956 0 699 
-0.363967 138.941 0 163 
0.197077 92.9568 0 700 
0.0909551 117.961 1 216 
0.809603 15.8696 0 730 
0.248027 89.9988 1 628 
0.219358 106.821 0 751 
0.0990136 114.484 0 535 
0.045855 115.404 1 969 
0.830515 11.6427 0 698 
-0.417928 153.337 1 229 
-0.0783019 125.234 1 366 
-0.0620549 124.332 0 187 
0.0542681 117.001 1 873 
0.794101 31.1857 0 122 
2.93561 -386.536 1 860 
-1.85283 284.951 0 191 
0.150798 23.5131 1 879 
-0.613254 78.1293 1 672 
0.338018 -12.9116 0 306 
-0.0928013 55.9125 0 691 
-0.225649 68.6376 1 106 
-0.309402 84.111 1 128 
-0.207853 55.3351 0 253 
1.33492 -37.6801 1 542 
0.795655 39.2479 0 1022 
0.284351 37.3323 0 361 
0.582177 24.0337 0 994 
0.223078 108.818 0 962 
-0.165619 155.917 1 952 
-0.32433 163.856 0 321 
0.701704 19.2208 0 163 
0.182125 52.8053 0 966 
-0.0676783 82.1875 0 599 
-0.161415 113.895 0 58 
0.170511 73.1945 0 934 
0.12723 68.8821 1 106 
0.0806257 80.661 1 658 
0.422181 79.0211 1 971 
0.620275 28.7678 0 61 
-0.553924 142.305 1 358 
-0.250303 122.796 0 984 
0.306996 73.0825 0 231 
-0.500157 156.941 0 379 
-0.154745 118.838 1 526 
-0.0661213 105.678 1 375 
0.479865 27.7117 0 271 
0.710248 13.0388 0 348 
0.653838 -13.931 0 177 
0.4201 72.9282 1 362 
1.98419 -148.086 1 729 
0.112728 124.109 0 772 
0.168091 136.91 1 400 
0.998656 119.296 1 756 
-0.285017 222.918 0 308 
0.148992 165.41 1 549 
0.200031 150.795 0 339 
0.266736 151.383 1 660 
0.557856 115.442 1 636 
-0.166744 214.058 1 345 
1.12836 47.1784 1 832 
0.740393 23.3118 0 179 
-0.18151 106.341 1 321 
-0.10009 94.464 1 705 
0.480407 25.5912 0 731 
-0.429505 146.821 0 131 
0.232922 106.737 0 737 
0.0825694 115.35 0 249 
-0.184657 138.53 0 769 
0.386472 56.2801 1 128 
0.45324 69.6046 0 751 
0.291195 89.8613 0 151 
0.0594356 111.695 1 206 
-0.355366 139.484 0 684 
-0.0655593 124.628 0 740 
0.0534216 117.913 0 398 
-0.275776 173.714 1 240 
0.0423773 120.262 0 494 
0.546611 62.3205 0 186 
-1.12168 186.863 0 222 
0.0504899 32.3222 1 496 
0.499557 -13.4457 0 816 
-1.145 265.887 1 702 
0.0989904 34.3937 0 619 
0.434272 -32.3678 1 371 
-0.480495 139.516 0 860 
0.3377 21.5512 1 31 
6.15126 -1035.6 0 669 
0.62698 39.755 0 128 
0.515024 29.4646 0 160 
-0.0439593 77.9214 0 313 
-0.244085 131.208 0 469 
0.241509 105.239 0 994 
0.0605763 135.762 1 334 
0.295484 100.437 0 163 
0.636629 25.0741 0 163 
-0.0789143 72.5933 0 663 
0.199528 46.7076 0 578 
0.185839 71.8369 1 901 
-0.382095 145.178 0 434 
0.49655 28.4884 0 1007 
0.0732355 76.9667 0 923 
-0.462477 137.097 1 201 
-0.117086 115.839 0 392 
0.507228 38.9316 1 977 
-1.07365 243.829 1 698 
1.84419 -257.862 1 766 
0.272741 67.3799 0 958 
-0.104532 105.016 1 520 
-0.339377 157.755 0 271 
0.666062 72.3741 0 251 
-0.161752 117.78 1 521 
-2.30757 410.782 0 888 
-0.755852 192.704 0 170 
0.599397 -1.74448 0 281 
-0.422415 189.809 0 707 
0.306578 121.613 0 647 
0.853053 6.5337 0 241 
0.0994262 167.303 1 650 
-0.231502 192.467 1 518 
0.412556 154.23 1 600 
1.1308 40.9434 1 601 
-0.128981 210.66 0 830 
0.10178 196.271 1 970 
0.342978 182.248 0 751 
1.30325 -57.3718 0 91 
-1.01572 266.934 1 820 
0.575573 24.7402 1 83 
0.111447 67.7401 0 128 
0.350232 67.0932 0 705 
0.239359 92.5566 0 962 
-0.291819 143.095 1 125 
-0.277126 153.5 0 257 
0.844787 -2.4964 0 195 
-0.745348 128.385 1 751 
0.792163 32.0302 1 826 
-0.16791 141.953 0 20 
0.296133 92.0323 0 1017 
0.0465938 117.3 0 838 
0.917748 -6.57958 1 319 
0.0665054 110.643 1 993 
-0.0496325 135.152 0 829 
-0.932872 166.017 0 253 
0.506155 11.5422 1 504 
0.233373 25.8434 1 988 
0.494482 -22.4766 0 633 
-0.0556039 48.0446 0 376 
-0.0818637 53.1721 1 375 
-0.523139 105.799 0 688 
-1.07526 152.407 0 894 
-0.464408 133.872 0 798 
-0.450842 161.908 1 956 
-2.14973 474.159 1 607 
-0.191476 94.4949 0 97 
-0.0503188 79.467 0 595 
1.81313 -218.142 0 884 
0.471287 66.2714 0 546 
0.918106 10.2814 0 413 
0.301184 99.1307 0 195 
0.6493 22.7155 0 163 
-0.0850972 79.0381 0 424 
0.162164 64.8746 0 909 
0.109234 67.7229 1 560 
0.680892 8.7549 0 8 
-0.197134 119.74 1 273 
0.308782 30.6451 0 820 
0.05178 89.4774 0 823 
0.71542 -47.6191 0 950 
0.0500405 95.4109 1 680 
0.0930435 88.7269 1 407 
-0.0515654 96.4852 0 376 
-0.0657592 98.9049 0 987 
-0.0778138 107.834 1 558 
-1.3729 282.401 0 22 
0.570282 0.329351 0 435 
1.47566 -174.094 1 670 
0.925747 26.7974 0 170 
0.164778 107.581 1 647 
-0.529282 168.565 0 958 
-0.0885205 135.355 1 618 
0.198437 123.859 0 823 
-0.785034 260.217 1 636 
-0.338334 204.543 1 620 
-0.411914 219.659 0 987 
1.55612 -108.118 0 765 
-0.825809 267.625 0 198 
0.100633 178.229 1 91 
1.66588 -129.497 1 733 
-0.273156 223.111 1 989 
0.24104 184.07 1 800 
-2.17363 486.962 0 25 
-0.690623 198.586 1 949 
-0.814348 149.281 1 38 
-0.428254 142.655 0 163 
0.283581 87.5442 0 994 
-0.529121 182.432 0 167 
-0.275258 144.889 0 782 
0.800423 10.0849 0 163 
-0.24851 86.5688 0 563 
1.98275 -279.113 0 949 
0.702803 37.982 1 825 
-0.051833 131.488 1 145 
-0.103442 133.454 1 108 
-0.182825 142.339 1 235 
0.145037 105.23 0 406 
1.42232 -73.666 0 128 
0.353705 19.8826 1 565 
-0.695253 72.0238 0 409 
0.374489 -26.9908 0 280 
-0.182521 58.5276 1 1021 
-0.587455 95.5707 0 894 
0.0590396 35.1222 1 954 
-0.497326 119.64 0 625 
-0.818238 190.201 1 128 
0.974946 -33.6769 1 575 
0.507355 73.6497 1 267 
0.0796861 64.2835 1 375 
-0.118613 95.9037 0 274 
-0.181905 100.612 0 174 
1.97714 -256.851 0 852 
0.27303 98.4176 0 994 
0.0392714 138.754 1 713 
0.376788 81.5823 0 835 
-2.20525 544.208 0 853 
-0.0980244 80.2158 0 424 
0.989718 -42.7022 1 977 
-0.0705234 87.4912 1 740 
-0.855915 196.116 1 666 
0.103983 70.2684 0 333 
-0.128389 96.7271 0 959 
-0.220094 113.932 0 1019 
-0.518584 152.677 1 80 
0.161535 94.0016 0 556 
-0.242899 122.961 0 379 
0.105996 88.5258 0 523 
-1.38293 284.505 0 383 
-0.31709 124.717 0 862 
-0.635087 209.858 1 402 
-0.0776205 116.992 1 589 
-0.248523 136.766 1 614 
-0.689756 151.035 1 220 
-0.0744428 129.614 1 400 
-0.108195 133.602 1 494 
-0.935086 223.017 1 105 
1.55244 -150.107 0 240 
3.31219 -292.242 1 254 
1.57578 6.29104 0 848 
-0.17555 204.73 1 183 
-0.999934 294.114 1 60 
0.0924477 179.963 0 810 
-0.102086 203.602 1 618 
0.563332 154.795 1 484 
0.613477 112.472 0 317 
0.230389 158.86 1 860 
-0.620829 240.809 1 811 
0.89947 20.6372 0 821 
-0.200979 78.5871 1 183 
-0.581638 156.878 0 163 
0.299457 85.1105 0 994 
-0.127387 139.831 0 726 
0.0647726 125.178 1 873 
0.810764 7.40543 0 163 
-1.6155 270.948 0 130 
-0.870977 124.354 1 751 
0.958207 7.10739 1 826 
-0.177755 136.727 1 952 
0.284771 95.7106 1 512 
0.17393 98.6737 0 411 
0.568549 56.4038 0 186 
-1.01552 165.911 0 222 
0.0971516 22.7235 1 859 
0.482897 0.122347 0 170 
-0.2664 80.622 0 411 
0.157314 20.4562 1 859 
-0.354007 107.315 1 340 
0.0485258 45.4535 0 534 
-0.90172 186.09 0 128 
-0.522346 158.944 0 956 
0.262226 102.405 1 236 
-0.204784 155.617 1 724 
-0.210812 97.6271 1 795 
0.403088 58.8242 1 95 
0.0651445 66.9286 1 367 
-0.652809 177.023 0 163 
0.215611 105.798 0 962 
-0.0722618 145.932 0 757 
-0.380545 171.116 0 385 
0.681161 22.3603 0 163 
0.0878999 60.2742 0 843 
0.0924074 59.4182 0 25 
-0.160103 90.1886 1 822 
-0.129366 90.2243 0 742 
0.284004 53.7072 0 266 
-0.555088 164.749 1 0 
0.0600344 90.3216 0 999 
0.113717 82.5572 0 367 
2.06502 -72.5929 0 990 
-0.795023 186.81 1 119 
0.0974974 85.0531 0 807 
0.104744 75.3333 1 111 
0.156333 83.9794 1 129 
-1.31632 261.35 1 121 
0.957973 19.239 0 202 
-0.27789 142.676 1 676 
-0.414478 170.458 0 299 
-0.336286 152.956 1 329 
-0.167161 132.956 1 494 
0.651476 88.9732 1 556 
-0.638838 198.811 1 187 
-0.981946 310.5 1 947 
-0.638032 209.395 0 346 
-0.407229 222.058 1 137 
0.211843 151.238 0 206 
0.0949012 177.098 0 123 
-0.107887 208.635 0 777 
0.0819659 182.471 1 145 
-0.157683 206.442 1 966 
0.920457 75.184 1 55 
-0.0614674 209.581 0 854 
0.715862 78.342 0 436 
0.837514 25.145 0 854 
-0.253364 111.836 0 469 
0.285716 83.8792 0 962 
0.111372 119.319 1 106 
-0.110131 138.436 0 577 
0.717371 19.3866 0 163 
-0.443944 106.368 0 898 
-0.0675927 42.0529 1 937 
-1.06123 153.139 1 751 
0.787951 37.8813 1 827 
-0.787947 238.601 1 963 
0.313989 90.5647 1 487 
-0.91957 164.798 0 253 
-0.0453826 42.2703 0 427 
-0.117538 56.4045 0 367 
0.834573 -23.6971 0 453 
0.0661146 37.2288 1 375 
-0.0798319 52.3526 0 632 
-0.0674734 50.2281 0 551 
-1.50931 341.107 0 860 
5.44305 -927.258 1 342 
-0.106139 139.965 1 376 
-0.179081 156.294 0 987 
0.0979159 134.797 0 794 
0.65094 5.88277 1 46 
-0.0884786 81.8005 0 783 
0.0923817 64.031 0 932 
-0.271554 130.016 0 469 
0.223065 105.242 0 962 
-0.106234 147.524 0 742 
-0.419361 174.207 0 257 
0.620621 30.3076 0 163 
-0.790221 173.64 0 98 
-0.403281 130.584 1 624 
0.147323 56.6586 0 818 
-0.0982859 95.2802 1 700 
1.24278 -81.5129 1 730 
0.0808772 83.0724 1 565 
0.308142 52.4513 0 85 
-0.892598 256.483 1 767 
-1.49239 352.883 0 700 
0.969771 -91.6116 0 372 
-0.662898 152.085 1 147 
0.0498516 88.6094 0 650 
0.0794496 87.2383 0 370 
0.0878215 97.0775 0 463 
-0.489663 171.472 0 363 
-0.221529 128.188 1 398 
0.141457 97.0083 0 407 
-0.319658 153.646 1 557 
1.19149 -42.8765 1 605 
-0.325151 189.209 0 616 
-0.466032 235.536 1 578 
-0.392516 204.065 1 676 
0.285797 149.085 0 973 
0.42244 123.497 0 354 
-0.0754822 194.19 0 810 
-0.646687 275.943 1 947 
-0.135441 200.964 1 600 
-0.054774 200.428 1 620 
0.285823 154.486 1 443 
0.362669 155.912 1 825 
-0.114101 206.759 1 524 
-0.251381 226.837 1 751 
1.096 -3.5172 0 1015 
-0.940007 182.937 1 794 
0.291975 82.5735 0 962 
0.286937 97.6901 0 911 
0.500467 88.0684 0 5 
0.725984 19.1282 0 163 
-0.401745 99.142 0 930 
0.0842834 27.3384 0 489 
-1.17556 236.979 1 798 
3.08989 -338.51 1 637 
0.347602 164.645 1 873 
1.11211 80.5834 1 216 
0.57296 16.1965 0 250 
0.0776861 37.9335 1 650 
0.866621 -68.8321 1 22 
0.106431 41.7455 1 649 
0.403685 3.52632 0 105 
-0.521249 91.1852 0 895 
-0.222748 80.5482 0 526 
-1.41194 228.23 0 160 
0.284025 108.395 1 989 
1.03946 -51.2816 0 638 
-0.0345463 146.34 0 973 
0.276911 86.9374 0 242 
0.0472454 70.2686 1 791 
0.0531648 72.2494 0 969 
-0.376177 134.252 0 1013 
0.558173 22.803 0 994 
0.27739 92.0088 0 700 
-0.316281 181.278 0 946 
0.215647 118.274 0 597 
0.717448 16.4557 0 163 
0.0921151 52.1456 0 232 
0.19837 41.5423 0 700 
0.143865 52.8978 0 828 
-0.09777 86.7057 0 822 
-0.486475 147.795 0 762 
-0.501282 185.939 0 734 
-0.388163 155.062 1 434 
1.39563 22.9289 0 505 
-0.903101 262.7 0 732 
0.507072 22.2375 0 979 
0.220878 53.493 0 526 
0.129532 80.2085 0 823 
0.271606 61.0366 0 206 
-0.331499 160.516 0 339 
-0.178017 131.016 1 682 
0.569502 62.8008 1 1019 
1.51642 -92.0484 0 543 
0.865286 44.895 1 222 
-0.379124 214.632 0 574 
0.33246 129.096 1 676 
-0.806922 309.76 0 340 
0.534928 75.0593 1 637 
-0.969069 302.223 1 119 
0.0902333 171.008 1 778 
-0.215981 199.395 1 969 
-0.109302 195.701 1 620 
0.900114 58.6987 1 380 
-0.105529 199.563 0 788 
0.221826 181.104 1 845 
-0.288265 208.41 0 903 
-0.122283 210.913 1 827 
0.382997 126.556 0 310 
-0.212019 226.173 1 183 
0.769758 52.4277 0 854 
-0.199027 143.276 0 469 
0.254112 114.594 0 452 
0.248658 83.4176 0 860 
0.897509 -12.9341 0 3 
-1.55036 332.997 0 373 
1.79428 -36.0481 1 253 
-2.63298 410.417 1 862 
-0.365683 222.509 1 408 
0.273788 174.992 1 163 
0.394135 183.417 0 751 
1.26102 -51.5409 0 951 
0.447899 -13.4131 0 914 
1.23695 -119.718 0 666 
0.731197 -42.3057 1 880 
-0.0909411 48.638 1 807 
0.463042 25.5663 1 704 
-0.817209 205.424 0 892 
-0.223787 144.34 1 799 
-0.168927 148.597 0 218 
0.109649 135.528 1 959 
0.323267 101.2 1 699 
0.132752 126.378 0 394 
0.367264 46.7416 1 38 
0.0577671 76.5034 1 553 
1.15616 -85.6427 0 286 
-0.654832 173.135 0 163 
0.304403 94.4751 0 994 
0.511294 77.1681 0 24 
0.108532 125.631 0 929 
0.760538 14.5201 0 163 
0.0811046 56.4524 0 232 
0.269752 35.7861 0 738 
0.411327 25.8463 1 22 
-0.58248 146.301 1 44 
0.0470292 79.1437 1 788 
0.30608 74.2158 0 756 
-0.165772 103.728 0 513 
0.931461 24.2963 0 327 
-1.17538 197.466 0 909 
-0.27329 126.532 1 174 
0.308453 38.7967 0 206 
0.737122 -39.6432 0 240 
-0.20536 112.712 1 398 
0.754933 73.6528 1 125 
-0.840757 166.501 1 420 
-0.262991 134.405 1 376 
-0.484894 172.359 0 987 
-1.11737 297.236 1 254 
-0.331601 176.492 1 646 
-0.895116 226.577 0 1020 
-0.127654 179.072 0 31 
0.135103 159.202 1 778 
0.641217 88.8553 1 119 
-0.836148 230.882 1 957 
-0.15908 186.523 0 527 
0.198997 165.6 0 183 
-0.145462 197.788 1 679 
0.339721 148.787 1 816 
0.513552 126.237 1 186 
5.87593 -981.166 0 765 
0.0768484 186.764 0 928 
-0.0948725 214.527 0 249 
0.191209 172.935 1 259 
-0.639124 254.068 1 179 
-0.849581 282.28 1 145 
0.0246173 126.74 1 854 
0.260861 90.7413 0 128 
-1.17053 304.357 0 500 
1.91769 -50.1121 1 222 
-0.363515 235.029 1 682 
-0.360781 220.941 0 799 
0.0766181 187.801 0 798 
-0.266973 231.375 0 625 
0.549445 99.5864 0 281 
-1.92513 428.307 0 764 
-0.128731 56.1387 1 751 
-0.717427 135.044 0 85 
0.711926 -45.7272 0 817 
0.55874 19.5431 1 188 
-1.62233 355.837 0 860 
2.13564 -227.871 1 575 
0.276207 117.144 0 877 
-0.0543979 146.216 1 528 
0.704259 43.0874 1 287 
-0.0378949 146.3 0 401 
0.0695854 134.336 0 685 
0.36365 35.3974 0 604 
0.0690631 76.8187 0 741 
-0.228521 108.62 0 245 
-0.595785 168.3 0 163 
0.33009 107.517 0 909 
-1.07286 295.585 0 287 
-0.574829 193.412 0 180 
0.784249 13.4941 0 163 
0.278872 50.1371 0 471 
0.473868 55.0022 0 219 
0.712213 -21.3276 1 413 
-0.0700355 92.3125 1 338 
-0.781729 142.66 0 358 
-0.165925 95.2734 0 471 
-0.129694 94.2766 0 347 
-0.843843 246.37 1 375 
-1.97072 479.26 0 917 
0.0838642 74.0569 1 463 
-0.305691 122.556 0 299 
0.221756 67.805 0 581 
-0.1279 111.476 0 489 
-1.31159 159.756 1 189 
-0.271031 140.685 0 407 
2.64666 -377.675 1 701 
0.175947 118.985 1 520 
0.980106 -29.4667 0 271 
1.9444 -222.75 1 701 
0.0915263 146.746 0 374 
-0.147673 181.582 1 531 
-0.406239 197.123 1 513 
3.92708 -617.952 0 765 
-0.27467 202.85 0 561 
-0.121041 181.329 1 873 
0.352594 122.222 0 335 
-0.200473 205.284 0 277 
0.626579 125.925 1 878 
1.2186 39.773 1 394 
0.216344 161.079 1 878 
1.14236 -37.5542 0 765 
0.1106 176.948 1 437 
-0.065397 193.268 0 788 
-0.4151 219.23 0 985 
-0.493781 219.31 1 788 
-0.821096 228.771 1 186 
-0.802957 222.964 1 218 
-0.373168 218.164 1 942 
-0.276262 211.747 1 218 
-0.154726 210.39 1 942 
-0.0539773 203.729 0 279 
-0.349781 243.238 0 0 
0.473805 119.257 0 884 
0.153873 198.154 0 990 
-1.65569 258.561 0 887 
0.0378965 40.4472 0 244 
-0.191443 51.7633 0 940 
0.186803 30.295 0 940 
-0.159487 73.4718 0 500 
1.62027 -50.124 0 1021 
0.252767 115.201 0 989 
-0.161395 155.713 0 160 
0.264136 91.9146 1 275 
0.144221 130.705 0 758 
0.511843 69.7074 1 86 
-0.0850496 150.074 1 269 
0.134678 75.1995 0 460 
-0.354821 129.619 0 98 
0.120213 74.2648 0 907 
-0.596577 168.909 0 163 
0.286327 99.2053 0 962 
0.426905 128.893 0 440 
-0.305973 172.819 0 193 
-2.22714 506.244 0 852 
-0.620669 149.445 0 98 
-0.475109 121.215 1 138 
0.102062 73.3634 0 769 
0.0587796 75.7898 0 397 
0.719571 -4.48583 1 978 
0.0665938 72.6374 0 923 
0.678534 -5.69112 1 543 
-0.94223 253.128 0 129 
-0.727466 192.656 0 20 
0.468522 22.4791 1 818 
-0.0840629 101.783 0 993 
0.812967 16.4867 0 233 
0.209024 66.2053 0 339 
-0.186685 126.36 0 376 
-0.253935 138.754 0 408 
-0.66606 156.753 0 221 
-1.09378 211.864 1 926 
-0.457643 190.116 1 205 
-1.00965 284.861 1 223 
-0.294072 179.721 1 160 
-0.27312 175.368 1 347 
0.837052 87.7356 1 957 
0.369825 141.327 0 996 
0.115386 151.058 0 905 
-0.0921741 169.391 1 937 
-0.327697 214.634 0 771 
-0.627264 284.685 0 340 
0.11683 160.256 0 999 
1.16547 73.275 1 984 
1.02031 44.968 0 24 
0.47323 115.091 1 625 
-0.682134 258.516 1 785 
0.295635 136.666 1 625 
0.216284 134.472 1 892 
-0.962957 293.237 0 858 
1.85495 -172.353 0 310 
1.22116 -33.9777 1 669 
-0.270028 208.963 0 799 
-0.379969 236.342 1 911 
0.34477 132.043 0 403 
0.522579 135.603 0 943 
0.166747 163.671 1 829 
0.652204 116.754 0 85 
1.03582 17.1307 1 767 
0.517835 13.9968 0 746 
1.31824 -93.3798 0 72 
-0.396864 98.2262 0 642 
0.266972 23.2743 0 957 
-1.08741 209.609 0 128 
1.12291 -62.1814 0 637 
0.751945 1.31923 1 607 
-0.279716 174.464 0 16 
-0.182416 158.291 0 297 
-0.306128 161.067 1 608 
-0.284512 168.274 1 51 
-0.0901229 145.065 0 989 
0.0934148 75.0306 0 566 
0.779701 -1.01812 1 28 
0.478273 27.636 0 30 
-0.658609 175.765 0 163 
0.392951 105.563 0 909 
-0.603996 215.85 1 9 
0.266624 114.605 0 246 
0.73416 20.749 0 163 
-0.587087 148.486 0 130 
-0.0745082 80.6853 0 970 
-0.0921642 86.9107 0 397 
0.063863 76.3663 0 839 
0.189856 69.2391 0 997 
0.0562447 78.5982 1 677 
0.858967 38.9277 0 757 
-0.853414 284.266 0 994 
-0.302606 150.618 0 183 
1.2276 -105.792 1 819 
-0.135396 102.52 0 954 
0.141694 71.0037 1 278 
0.513401 37.8048 0 236 
-0.198127 129.302 1 408 
-0.299995 138.655 0 159 
-0.32211 148.944 0 550 
0.902015 27.0483 0 848 
-0.124491 146.536 1 376 
0.215561 110.29 0 550 
0.163588 127.297 1 124 
1.31418 -34.1237 1 223 
0.100763 144.094 1 501 
0.126898 143.987 1 778 
-0.196138 183.624 1 432 
-0.386031 174.446 1 773 
-0.679645 207.923 1 958 
-0.459845 222.195 1 506 
-0.265853 187.84 1 751 
-1.01063 260.861 0 984 
-0.218783 192.707 1 222 
0.167265 139.577 1 145 
-0.590309 190.572 0 1023 
-2.94264 743.8 0 734 
1.54125 -104.642 0 340 
0.426532 148.087 0 973 
0.332788 159.82 1 990 
0.333757 166.891 1 959 
0.28695 136.254 1 341 
-0.0346102 193.605 0 838 
-0.150592 213.454 0 625 
-0.597249 220.835 0 284 
0.992911 72.2975 0 958 
1.84925 -69.9316 1 657 
1.96981 -35.6891 0 692 
-0.260883 77.4492 0 335 
0.309099 5.647 0 922 
0.216685 29.0793 0 746 
0.835339 4.86409 0 1023 
-1.34689 228.013 0 160 
-1.11505 353.545 1 734 
0.133349 121.562 1 575 
-0.156428 171.14 1 239 
-0.158307 154.825 0 580 
-0.336416 168.973 1 517 
0.152271 125.557 0 234 
0.446121 61.6269 0 606 
0.112006 73.0739 0 523 
0.325312 25.8116 0 592 
0.67571 13.1916 0 167 
0.528613 31.6006 0 994 
0.282321 100.882 0 994 
0.0439775 145.618 0 521 
0.22756 118.65 1 689 
0.788433 14.3283 0 195 
0.133285 57.1013 0 503 
0.130157 65.8393 0 737 
-0.537842 120.882 1 224 
-0.0640247 82.7163 1 968 
0.0465082 71.5255 1 563 
-0.0691553 92.154 0 206 
1.46311 -92.452 0 890 
-1.6437 403.058 0 642 
0.170926 118.864 0 804 
-0.302164 147.267 1 78 
-0.824911 229.768 0 819 
-0.234144 122.576 1 407 
-0.348769 134.159 0 156 
-0.259082 128.328 1 159 
-2.32572 570.102 0 734 
0.469566 55.7852 0 754 
-0.220961 133.788 1 159 
-2.9198 527.349 0 602 
-0.657664 182.443 1 957 
-0.191081 149.849 0 408 
0.241337 129.158 1 839 
0.20521 117.337 0 691 
-0.943033 224.757 0 133 
-0.170638 158.335 1 462 
-0.665406 177.737 0 901 
-0.196456 177.74 0 561 
0.0642104 144.713 1 821 
-0.222301 165.856 0 839 
-0.32553 197.9 1 994 
-0.150974 171.287 1 873 
-0.273207 196.439 1 531 
-0.192199 182.391 1 589 
-0.167404 193.659 1 620 
0.67903 122.465 1 990 
-0.663565 282.234 1 818 
0.101965 176.127 0 973 
0.426685 109.466 0 669 
0.15344 168.89 1 466 
0.082474 188.974 1 190 
0.0660228 188.54 0 557 
-0.720009 236.999 0 222 
1.77861 11.2467 0 1020 
-1.35125 324.395 0 35 
-1.88759 269.203 0 537 
-0.136265 68.8129 0 918 
1.02465 -95.3858 0 21 
0.171928 26.9469 0 827 
-0.659245 185.035 0 892 
-0.217228 144.301 1 799 
0.161229 123.583 0 442 
-0.0370868 146.769 1 347 
0.657973 68.3996 0 16 
-0.0231179 143.94 0 875 
-0.068374 149.636 0 406 
0.034899 137.875 1 552 
0.484322 101.211 0 293 
-0.369905 133.544 0 508 
-0.041713 84.372 0 745 
-0.0373227 87.0146 0 829 
-0.589692 171.321 0 163 
0.298178 99.0719 0 962 
-0.0244237 151.086 0 250 
0.203311 121.897 1 794 
0.850284 8.35308 0 227 
-0.990009 199.783 0 98 
0.0843511 62.1142 0 627 
-0.0585732 87.2457 1 561 
0.0765066 72.3308 1 973 
-0.0378484 84.8637 1 557 
0.0765184 71.4034 0 613 
2.10978 -141.083 1 78 
-1.43132 345.222 0 655 
-0.244447 182.667 1 401 
0.142995 113.191 0 400 
-0.970488 174.488 0 718 
0.873825 -15.9918 0 443 
-0.298226 127.266 0 159 
0.30771 84.6596 1 973 
-0.204962 131.91 1 799 
-0.449233 164.915 1 487 
0.357931 95.1287 0 190 
-0.14872 143.486 0 376 
-1.36731 305.2 1 543 
3.51592 -559.705 0 735 
-0.591937 218.204 1 595 
1.63377 -100.545 1 596 
-0.423168 185.306 0 690 
0.427868 67.6342 0 986 
0.321651 82.6242 1 1015 
0.592313 104.857 1 726 
0.253075 96.1737 1 1015 
2.26946 -141.676 1 150 
0.604701 18.2745 1 178 
0.51321 120.299 1 556 
-0.79644 250.429 1 393 
-0.505979 224.54 1 160 
-0.510309 220.899 0 452 
0.301351 151.049 1 686 
0.616105 128.475 1 1004 
0.297363 136.44 1 435 
0.0347286 189.902 0 588 
0.296709 172.014 0 358 
-0.0773149 210.463 0 892 
0.605837 86.0002 0 892 
-0.906671 185.068 1 347 
-0.688123 217.54 1 955 
1.33571 -50.8649 0 955 
0.465714 12.3695 0 746 
-0.0546946 51.0378 1 327 
-0.190764 74.996 1 498 
-0.215347 88.5678 1 767 
0.754361 33.415 0 316 
-0.696093 230.812 1 65 
-0.032398 146.489 0 558 
-0.546359 212.974 1 23 
-0.0455974 145.653 0 334 
-0.162241 170.294 1 341 
-0.0267496 141.691 0 400 
0.158495 115.016 0 303 
-0.06692 146.422 1 406 
-0.412283 162.314 1 766 
0.738036 -15.16 0 635 
0.187803 58.913 0 753 
-0.559457 170.016 0 163 
0.311321 98.3457 0 994 
-0.0324034 153.785 0 711 
-0.322592 174.981 0 257 
0.815822 14.6414 0 163 
-0.0913513 76.9072 0 424 
0.162536 49.2521 0 700 
0.142157 68.7566 0 957 
0.0467966 75.0153 0 263 
-0.48198 145.585 1 540 
0.767128 11.9315 0 384 
-1.47593 298.308 0 963 
-0.769436 294.08 0 578 
-2.43153 505.818 0 980 
-2.27353 390.489 1 849 
0.460081 73.7062 0 584 
-0.498895 160.282 1 205 
-2.28524 203.528 1 188 
-0.196286 128.111 0 799 
-0.530513 153.499 0 957 
1.08822 -97.5513 1 342 
-0.373357 144.347 1 957 
-1.3816 313.459 1 66 
0.270949 85.4089 0 558 
-1.62085 411.945 1 638 
-0.221067 123.747 1 376 
2.67284 -133.85 0 893 
1.09665 5.50948 1 182 
0.706308 39.215 1 692 
0.634324 38.632 1 709 
-1.66686 247.598 1 847 
-1.92503 254.019 1 879 
-0.624579 160.098 1 531 
-2.01413 299.208 0 160 
-3.15895 607.285 0 65 
0.866756 38.6828 0 575 
0.0314564 180.505 0 589 
-0.0334043 187.406 1 431 
0.260895 156.853 0 171 
0.162818 166.84 0 591 
0.0471557 182.199 0 313 
0.327935 150.547 0 601 
-1.62559 265.04 1 473 
1.29484 -62.3848 1 892 
0.902121 9.50456 1 861 
-0.911778 203.371 1 128 
8.84169 -1540.03 1 342 
-2.15924 330.525 0 316 
-0.139585 51.3975 0 458 
-0.359543 102.747 0 819 
0.100675 33.3361 1 550 
-0.773733 193.44 0 892 
-0.161336 139.684 1 799 
0.196572 119.027 0 316 
0.0415543 139.073 1 344 
0.125663 129.648 1 426 
0.491394 45.5549 0 702 
0.0244204 137.76 0 843 
-0.0292455 140.761 1 533 
0.404724 82.9306 1 539 
0.293991 99.9497 0 921 
-0.289137 116.374 1 626 
-0.239181 104.754 0 847 
-0.0568937 89.0084 0 567 
0.469207 67.3249 0 705 
0.32967 96.1333 0 994 
-0.0632805 161.999 1 249 
-0.24378 168.307 0 321 
0.863986 8.95556 0 163 
-0.612833 149.212 0 226 
0.145868 55.4977 0 962 
0.0577639 74.5198 0 999 
-0.185052 90.8553 0 694 
-0.682539 163.969 0 889 
0.05807 74.3931 0 868 
0.319396 35.7347 1 793 
-0.688876 214.766 0 250 
-0.388131 188.994 0 896 
1.69956 -9.30714 0 452 
-2.0553 354.29 0 881 
1.00188 -76.6686 0 403 
0.202857 90.154 0 191 
0.208219 95.7923 0 93 
0.418915 44.034 0 466 
0.37966 85.4374 0 989 
-0.141792 134.029 0 558 
-1.52039 240.979 0 862 
-0.396833 133.278 1 284 
-0.524145 132.877 1 505 
-0.910031 152.489 0 783 
-1.08409 268.212 0 860 
-2.01301 356.076 1 543 
-1.71136 211.28 0 952 
-1.52574 274.823 0 332 
-1.47523 154.66 0 814 
-1.67696 368.957 0 343 
1.56392 -56.3986 1 222 
3.34682 -302.783 1 254 
-1.75751 531.142 1 950 
-0.294506 235.429 0 607 
0.070067 172.675 1 692 
0.0528859 178.317 1 836 
0.244881 155.74 0 816 
0.402841 147.003 0 39 
1.03018 61.6963 1 186 
-0.969086 238.146 1 253 
0.571404 57.211 1 156 
0.734822 40.1716 1 410 
-0.91848 181.623 1 629 
-4.86599 779.181 0 573 
-2.17084 324.591 0 222 
-0.166832 53.9191 1 1022 
0.0398087 37.3947 0 345 
-0.43301 95.122 0 150 
1.62878 -91.1359 1 134 
0.88207 10.9756 0 379 
0.180157 120.744 0 347 
-0.0561951 150.654 1 970 
-0.0591749 149.298 0 653 
0.480243 77.1322 0 382 
0.518577 89.3262 1 104 
0.0315717 138.307 1 497 
-0.0558315 145.981 1 744 
0.350322 101.513 1 1006 
0.72643 39.9425 1 666 
-0.509939 131.307 0 262 
-0.150292 92.707 0 789 
0.664885 -7.61952 1 32 
-0.585503 171.846 0 163 
0.317063 96.496 0 994 
0.43571 104.185 1 39 
-0.240158 166.978 0 289 
0.748288 24.0325 0 163 
-0.775726 163.446 0 181 
-0.58828 152.077 1 542 
0.0651957 74.1919 0 904 
-0.220739 90.4738 0 747 
-0.137659 90.3804 0 957 
0.104967 73.0164 1 830 
-0.200752 92.1474 0 183 
-9.52629 1459.38 1 477 
-3.3478 438.96 0 357 
0.191005 110.039 0 821 
0.522853 68.9203 0 629 
-0.402872 145.361 0 160 
0.515277 14.5352 1 312 
-0.216545 118.699 0 964 
-0.541317 132.035 1 378 
-0.76987 169.463 1 1020 
-0.280988 131.663 1 470 
4.76893 -829.946 0 766 
-0.299373 101.713 0 550 
-0.703551 122.42 1 942 
0.815729 -88.748 0 433 
5.23265 -661.391 0 96 
1.78445 -60.9479 0 989 
-0.628473 163.388 0 558 
1.05186 -0.490923 1 397 
1.65743 -26.8772 0 653 
1.49698 -110.748 0 237 
0.992966 53.6121 1 222 
-1.06355 376.763 1 342 
-0.882812 347.053 1 765 
-0.265942 210.279 1 546 
0.865463 58.6007 0 656 
0.465178 141.029 0 165 
0.381847 130.329 1 96 
0.986879 5.79671 1 829 
1.95351 -2.40496 1 661 
-0.180203 139.805 0 886 
1.71187 -109.315 1 386 
0.229636 116.803 1 474 
-2.61049 467.097 1 858 
-8.26389 1615.34 0 638 
0.407759 -32.5943 1 607 
-1.31324 184.721 0 82 
-0.451272 99.8627 0 181 
-1.44563 205.854 1 12 
0.913037 6.69807 0 410 
0.583081 29.5635 0 637 
-0.233039 168.566 0 924 
0.102175 143.897 0 221 
-0.193712 172.21 0 245 
0.450338 106.817 0 416 
0.166914 111.621 1 208 
0.496128 75.5286 1 24 
0.103418 135.088 1 750 
0.343709 112.316 0 512 
-0.521961 190.971 0 7 
0.0443 84.6835 1 855 
-0.337864 120.055 1 721 
-0.164957 97.5634 1 298 
1.5769 -179.333 0 884 
0.300354 99.5208 0 962 
0.0494362 146.773 0 528 
0.210562 122.302 0 214 
0.789877 20.2571 0 163 
-0.12989 84.8625 0 595 
0.876057 -2.30217 0 262 
-0.55644 156.957 1 34 
0.0387842 74.8967 1 212 
0.191521 65.6374 0 758 
0.300304 60.8674 0 164 
0.27412 50.9441 0 825 
0.912344 -5.65659 1 146 
1.21855 -53.6719 1 276 
0.449647 77.0786 1 526 
-0.329676 137.984 0 711 
0.569596 65.0619 0 925 
0.275898 81.1839 0 942 
0.168598 100.237 1 502 
-0.188301 124.855 0 93 
-0.254141 133.174 1 823 
-0.46279 132.836 0 722 
0.722947 -0.97207 0 298 
-0.603416 109.558 1 942 
-5.56538 1149.29 1 735 
0.516022 -20.3839 0 890 
0.459437 -2.67742 1 691 
0.795371 11.521 1 876 
0.675766 25.2798 0 838 
4.40126 -743.067 1 310 
2.26189 -206.91 0 443 
-0.767899 227.166 0 987 
0.135068 169.165 0 1022 
0.108472 159.214 1 367 
-0.133294 176.973 0 284 
-0.14843 177.961 1 31 
0.20995 143.245 0 668 
-0.597774 284.163 0 607 
1.49757 -17.0192 1 920 
-5.99196 878.989 1 55 
-0.359515 166.076 0 178 
0.247818 78.735 0 277 
1.08319 36.5248 1 1018 
2.20216 -270.932 1 343 
-1.97845 291.548 1 222 
-0.917887 216.348 1 766 
0.0944404 32.6542 1 560 
1.45183 -146.052 0 87 
-0.85377 109.188 0 256 
-0.269827 94.0608 0 404 
-0.89791 157.433 0 629 
1.02047 41.501 0 958 
-0.115789 155.189 0 724 
0.711723 48.0837 0 350 
-0.207892 169.283 1 234 
0.022177 145.28 0 552 
-0.454748 193.3 0 17 
0.0446796 140.897 1 685 
0.685962 46.4015 0 319 
-0.0551222 144.192 0 399 
0.0392772 134.893 0 1002 
0.025666 85.9094 0 620 
0.653969 0.0866734 0 667 
0.12009 68.0825 0 597 
-0.255111 125.139 0 469 
-0.149576 155.959 0 469 
0.893502 19.7569 1 445 
0.207104 124.645 0 214 
0.785808 21.3115 0 163 
-1.06166 210.988 0 130 
0.378805 14.3533 0 706 
0.437127 25.0786 0 117 
0.881064 -37.7461 0 56 
0.0816772 75.5605 0 491 
0.37364 10.7296 0 468 
-0.12276 104.029 0 97 
-0.579437 177.543 0 916 
-1.10909 257.806 0 567 
1.08726 38.9077 1 689 
1.62486 -213.655 1 280 
0.304262 73.198 0 129 
-0.49547 145.496 1 957 
0.904415 -14.802 1 254 
-0.492234 168.654 1 406 
0.776928 12.3515 0 160 
-1.09564 166.905 0 1018 
-1.42183 176.171 0 516 
-0.287878 80.6845 0 216 
2.97483 -299.785 1 921 
-0.390615 112.488 1 278 
-0.177287 79.0978 1 123 
0.39548 19.0057 1 567 
-0.677035 113.276 1 953 
-0.773264 169.706 0 597 
0.619291 75.8106 0 191 
-0.0853165 181.156 1 986 
0.3001 142.87 1 1022 
0.321887 108.455 0 499 
0.321418 111.93 0 434 
0.16931 156.975 1 159 
-0.123092 187.621 1 218 
0.508789 156.92 0 756 
0.545621 111.552 0 657 
-0.600626 165.056 0 832 
-0.299129 112.448 0 821 
0.647427 8.94764 1 112 
0.179329 113.641 0 620 
0.790223 -32.5673 0 924 
0.0794907 25.6429 1 392 
-0.0657009 52.0113 1 501 
0.274126 35.5771 1 782 
0.224904 14.5404 0 3 
0.355344 -12.0589 0 706 
-0.659133 140.984 0 128 
-0.712486 148.374 0 661 
-0.844461 187.875 0 959 
-0.291548 180.069 1 202 
0.0283616 144.703 1 986 
0.383714 106.918 1 74 
0.143481 120.758 1 239 
-0.171875 152.15 1 971 
-0.0378035 148.557 0 708 
0.507442 102.475 0 325 
-0.0306016 143.65 0 391 
0.10153 119.023 1 274 
0.0808833 76.4357 1 561 
0.223817 52.9747 0 593 
-0.0770803 84.0889 0 470 
-0.730207 179.788 0 163 
0.368017 88.9916 0 994 
0.153785 137.795 0 1016 
0.167565 124.298 0 963 
0.785925 23.0635 0 163 
-1.12291 220.407 0 162 
-0.151901 94.0598 0 360 
0.514506 37.5681 1 480 
0.298404 34.7239 0 592 
-0.603638 162.208 0 541 
-0.941008 205.871 0 888 
0.0637473 85.6898 0 438 
-0.203433 99.5561 0 769 
1.23146 34.2492 0 727 
1.28602 30.1141 0 692 
-0.864724 217.781 1 624 
-0.928187 232.164 1 96 
-1.27705 267.068 1 543 
0.468414 45.6175 1 625 
-0.63901 172.552 0 732 
0.248365 28.8375 0 620 
0.114309 33.2575 0 840 
-2.15379 360.311 1 477 
0.157088 39.6697 0 886 
-0.516303 150.353 0 563 
-2.64281 281.824 1 952 
0.326245 23.7667 0 533 
-1.83381 209.391 0 941 
1.1546 -27.157 1 236 
-0.72384 176.188 1 724 
-0.151461 195.649 0 531 
0.331877 129.976 0 128 
0.101752 143.889 1 532 
0.582377 50.7785 1 343 
1.01479 -35.1572 1 341 
0.362243 145.599 0 909 
0.0864329 178.236 0 695 
0.149692 179.245 1 940 
0.214357 171.697 1 960 
0.628223 54.7041 0 469 
-0.362167 109.314 0 732 
0.716339 8.39186 0 960 
-0.528609 175.073 0 545 
-1.27221 257.432 1 575 
0.0865473 29.4472 1 474 
-1.01092 181.815 1 24 
0.858634 14.3412 0 188 
-0.553411 102.99 1 816 
0.0697042 33.4326 0 379 
-0.746567 199.452 0 892 
0.805398 18.7262 1 543 
-0.268741 150.695 0 661 
0.0947843 128.719 1 91 
0.0840477 133.719 1 993 
0.346075 98.8111 1 571 
-0.167086 161.169 1 265 
0.0718256 142.567 1 598 
-0.0271277 148.728 0 370 
-0.34918 178.906 1 1005 
-0.211098 156.098 0 516 
-0.0557259 140.762 0 705 
-0.389631 102.327 0 441 
-0.401461 129.627 0 911 
-0.0941192 85.6966 0 505 
-0.70325 176.835 0 163 
0.341493 92.5281 0 962 
0.162938 135.685 0 815 
-0.0682742 154.279 0 502 
0.707937 33.1161 0 163 
-1.07111 215.648 0 194 
0.745116 -35.682 0 674 
-0.0437235 87.6037 1 405 
0.555522 6.60275 1 538 
0.256393 49.3157 0 573 
-0.211066 119.95 0 829 
0.251831 78.6745 1 551 
0.544592 43.029 1 6 
0.868115 45.6546 1 788 
-1.76177 362.22 0 962 
-0.142736 113.589 1 519 
0.131692 83.3613 0 248 
1.4 -60.8761 0 594 
-0.366529 116.605 1 859 
-0.965537 217.237 1 435 
-0.618989 121.217 0 823 
0.135524 38.464 0 772 
0.183938 36.1132 0 398 
0.193624 34.0685 0 367 
-0.441244 128.592 0 497 
0.934198 -80.9762 0 563 
0.562211 9.04691 1 247 
2.86558 -374.355 0 637 
-0.403758 178.053 0 377 
0.681978 110.578 0 814 
0.479677 100.578 0 668 
-0.720249 235.198 0 847 
-0.274336 171.488 1 347 
0.387586 122.104 0 799 
-0.433911 217.134 0 3 
0.701813 82.7207 0 1012 
-0.0467102 191.98 0 599 
-0.169808 213.896 0 3 
0.0847236 189.764 1 298 
1.42311 -29.7937 0 483 
0.305158 20.9096 0 469 
-0.952625 184.011 0 835 
-1.06636 204.461 0 503 
0.462927 21.9293 0 503 
-0.222725 56.8772 1 871 
-0.591363 126.188 1 89 
-0.288165 92.029 0 668 
-0.059389 49.6409 1 691 
-0.34529 85.7886 0 186 
0.661175 37.5667 0 379 
1.65404 -165.001 1 607 
-0.244479 161.053 0 718 
-0.259222 162.56 0 27 
0.0595605 131.086 1 437 
0.0800514 132.093 1 567 
0.258666 110.685 0 794 
-0.549039 255.074 1 243 
-0.458334 233.232 1 702 
0.0505569 138.077 0 938 
-0.505026 190.839 0 1005 
0.0761511 127.622 1 367 
0.872917 -39.3896 1 381 
0.135856 67.3586 1 365 
0.0861921 65.1231 1 690 
-0.720946 176.923 0 163 
0.41039 83.8666 0 994 
-0.201658 173.146 0 51 
0.176728 125.589 0 611 
0.780079 25.0136 0 163 
-0.99739 208.153 0 130 
0.0693735 65.226 1 145 
0.115757 77.5486 0 903 
0.608872 11.0907 0 152 
0.35172 40.34 0 1010 
-0.125892 112.894 0 1015 
0.314116 60.9614 1 562 
0.159109 81.9551 1 878 
-0.156538 118.295 0 682 
0.56676 51.3576 1 501 
-0.223384 126.655 0 527 
0.492212 55.4781 1 688 
0.497303 29.3887 1 520 
-0.966374 143.131 0 645 
3.33385 -339.491 0 880 
-4.13998 533.777 1 848 
0.426441 17.1366 1 31 
0.488842 0.917701 0 231 
0.671705 13.8937 0 774 
1.73598 -11.0171 1 869 
-0.680524 172.338 0 91 
1.05438 -19.325 0 191 
0.275881 95.7393 1 248 
-0.213953 187.451 0 833 
-0.519646 239.212 0 90 
0.17526 147.933 0 620 
0.20318 130.689 1 987 
0.300742 121.463 0 830 
0.0473163 146.729 0 248 
0.429414 101.855 0 818 
0.477906 89.2483 0 917 
0.0852889 175.413 0 690 
-0.125031 202.264 1 751 
-0.236038 239.741 1 819 
1.25591 32.8874 1 920 
-2.82209 600.308 0 949 
-0.115261 61.603 0 918 
0.72363 25.1272 0 359 
-0.530443 114.409 0 855 
-0.586005 123.562 0 699 
-0.952286 180.315 0 24 
-0.240294 66.1754 0 909 
-0.307945 83.2773 1 543 
0.821869 3.526 0 347 
-0.129517 133.57 1 973 
0.244369 116.125 0 379 
0.03018 142.204 0 691 
0.0648933 136.529 1 954 
0.59463 36.6025 1 852 
0.392212 98.9398 1 719 
-0.0943861 141.482 0 751 
-0.0715538 139.308 0 709 
-0.131708 156.096 1 732 
0.0759938 125.176 1 929 
-0.253735 184.352 1 240 
-0.104133 150.605 0 466 
0.0651797 78.4332 1 806 
-0.678103 161.021 1 912 
-0.209714 100.523 0 530 
-0.779829 184.191 0 163 
0.323383 96.2016 0 962 
-0.282744 172.197 1 576 
-0.135128 161.294 0 673 
0.808009 20.4467 0 163 
-0.156189 94.0338 0 595 
0.603102 -45.8016 0 853 
0.543757 16.9327 0 154 
-0.461757 122.283 0 165 
0.0735908 70.9184 0 175 
-0.152887 111.249 0 835 
-0.75253 198.291 1 86 
1.46375 35.4824 0 473 
8.83287 -1645.24 0 734 
-0.585515 151.209 0 529 
1.27108 -51.4253 1 57 
-1.37894 179.195 0 988 
0.351035 24.6308 0 620 
-6.79959 1388.24 1 735 
0.902911 -35.0121 0 863 
-0.495321 149.141 1 923 
0.168228 32.4844 0 652 
-0.573032 102.038 0 878 
-1.01335 145.429 0 910 
1.66843 -26.3788 0 837 
-0.548919 140.193 0 589 
1.1237 15.8059 0 222 
0.309794 113.692 1 690 
0.474002 88.6843 0 732 
-0.884004 214.286 1 159 
-1.07799 212.078 1 442 
1.17857 -28.0247 1 259 
1.19174 -2.89938 0 920 
0.165049 126.672 1 249 
-0.0946103 168.536 0 549 
-0.929605 331.537 1 819 
-0.429997 259.328 0 436 
-0.669533 273.906 1 947 
0.238249 174.827 0 718 
0.926937 59.9242 0 128 
0.801722 -16.4096 0 924 
-0.0602902 46.4534 0 563 
0.886884 29.2611 0 864 
-1.33244 256.624 0 898 
0.550601 28.5049 0 504 
1.26079 -193.08 1 734 
-0.748691 118.687 1 103 
-0.0497431 49.2791 0 759 
-0.765358 184.897 0 924 
0.32755 101.357 0 641 
-0.0786354 149.314 1 799 
0.185383 120.507 1 628 
-0.608503 266.769 1 950 
-0.157972 165.558 1 20 
0.20084 118.349 0 596 
-0.0802582 144.37 0 953 
0.355697 78.8729 1 1013 
-0.156169 152.469 1 99 
-0.31999 169.749 1 825 
-0.131825 140.291 0 985 
0.280327 97.984 0 793 
0.228463 40.5835 0 208 
1.40348 -111.546 0 382 
0.105547 60.067 1 500 
-0.782328 182.109 0 163 
1.26782 -90.5637 0 852 
0.0382919 147.521 1 277 
-0.244584 174.085 0 417 
0.775853 26.6958 0 163 
-0.75792 173.892 0 162 
0.118813 58.3445 0 700 
0.280417 61.2868 0 926 
-0.0947298 98.6213 0 111 
-0.0481721 84.2442 0 250 
-0.274504 122.796 0 657 
-0.62762 170.257 1 688 
1.18168 -23.0848 0 922 
-0.89865 209.022 0 986 
-0.825209 201.507 1 691 
-4.05433 458.682 0 1004 
-2.89487 474.905 1 65 
2.56369 -257.981 1 543 
-3.11732 415.042 0 626 
0.398072 21.2475 0 600 
1.56432 -113.61 1 626 
0.354654 16.0934 0 124 
-0.647448 138.924 1 498 
-0.801145 105.831 0 459 
1.02746 -12.2732 0 347 
2.40756 -52.1056 0 957 
-0.524061 209.671 0 1022 
1.9261 -3.46139 0 894 
0.785222 55.1247 0 407 
0.533213 79.5727 1 652 
-1.31758 225.771 1 193 
2.10008 -71.8718 0 1019 
-0.320416 104.428 1 631 
-1.95545 258.909 1 718 
-0.724053 253.452 1 818 
-0.157236 182.096 0 469 
0.179834 165.601 0 814 
1.2102 25.9748 1 150 
-1.25346 243.91 1 442 
0.846935 47.8113 1 724 
1.50872 -188.401 1 499 
0.0937841 31.528 0 529 
1.0501 12.9526 0 896 
-1.63384 305.189 0 994 
0.12487 43.4038 0 663 
-0.224015 84.5146 0 700 
-0.693528 136.331 1 635 
-0.594933 164.003 0 860 
-0.472435 156.901 0 861 
-0.392754 159.791 0 629 
1.07427 -5.92021 0 287 
0.227947 111.627 1 511 
0.216144 129.566 0 251 
-0.158562 167.429 1 916 
0.614811 82.6852 0 115 
-0.574204 214.396 0 23 
0.1683 127.996 0 388 
0.24888 129.727 1 440 
-0.57374 213.828 0 947 
-0.169451 145.884 0 751 
-0.113096 130.703 0 769 
1.26758 -91.0897 0 541 
0.179037 57.161 1 625 
0.311106 32.9062 0 625 
-0.311637 123.711 0 469 
1.39957 -114.895 0 852 
0.107528 143.281 0 815 
-0.307855 179.025 0 289 
0.790951 24.3058 0 131 
-0.233076 92.128 0 887 
-0.119205 89.342 1 498 
0.0438291 73.8361 1 91 
0.0860175 66.1289 1 707 
0.589232 29.5802 0 544 
-1.93177 458.885 0 312 
-0.543138 200.659 0 954 
-0.682851 161.714 1 221 
0.489006 48.5902 0 798 
-8.3512 1667.81 1 342 
2.83383 -319.548 1 254 
0.440407 27.8193 0 682 
0.423656 44.0815 0 588 
-0.710095 101.919 0 846 
1.17842 -9.01406 0 577 
-0.302833 95.8701 0 58 
0.771659 -6.80116 1 937 
0.42593 -0.413467 0 146 
-0.850531 140.813 0 186 
-4.66368 470.644 0 925 
-0.75304 248.731 1 331 
-0.153399 201.689 1 375 
-3.46836 337.314 1 1023 
-0.765483 199.128 0 279 
-1.81411 297.046 1 98 
-0.349469 103.949 1 955 
-2.42653 355.416 0 920 
-0.426925 119.924 0 821 
-0.426853 126.529 1 845 
0.758292 -0.656343 0 916 
-0.761808 246.847 0 163 
-1.08702 401.731 0 177 
-2.32464 311.351 1 1021 
0.557923 1.7997 0 375 
1.38068 -134.994 1 57 
-0.417957 115.508 1 1013 
0.163427 30.2666 0 652 
2.95069 -172.542 0 481 
-1.42445 288.828 0 962 
0.145011 42.4166 0 695 
-0.138239 59.6297 0 379 
-0.0636907 53.2096 1 344 
0.815567 6.79212 0 600 
0.208485 102.193 0 827 
0.513482 54.9268 1 575 
0.177449 114.267 0 593 
-0.574073 194.709 1 103 
0.693089 10.4124 0 372 
-0.768851 246.358 0 319 
0.241414 122.792 1 576 
0.0641465 134.418 0 621 
0.557324 65.4161 1 667 
0.120862 124.93 1 660 
0.522337 99.2641 1 576 
0.421424 79.2128 1 763 
0.353514 102.205 1 576 
-0.993765 220.002 1 382 
-0.251611 99.781 0 180 
0.207721 40.1884 0 515 
-0.978065 196.26 0 163 
0.468901 75.6642 0 994 
-0.335876 198.351 0 604 
-0.25469 168.317 0 789 
0.753723 28.0212 0 163 
-1.07037 216.227 0 162 
-0.105599 88.4858 0 924 
0.576339 31.9043 1 198 
-0.189885 106.315 1 625 
0.257182 39.4741 1 155 
2.91992 -120.143 0 718 
1.31611 67.8905 1 877 
-11.9692 2463.92 1 733 
-7.46815 1496.2 1 342 
-0.558631 106.545 1 520 
-1.00049 195.553 1 285 
-0.548342 154.981 0 955 
-3.41069 267.178 0 747 
0.0573485 39.3243 1 683 
-0.531374 149.887 0 918 
0.753188 6.60305 0 900 
-0.148029 53.4847 0 645 
-0.315511 96.8236 1 923 
0.744155 8.67828 0 253 
2.17819 -276.646 1 176 
0.379838 118.75 1 859 
0.72963 71.479 1 407 
0.892106 26.2369 0 565 
0.579463 11.2742 0 801 
-0.218919 102.584 1 821 
1.30346 7.57772 1 159 
-1.35846 353.369 0 122 
0.870852 -34.4986 0 277 
-0.192257 106.558 0 900 
1.20726 -116.74 0 917 
-1.14555 307.429 0 3 
1.24707 -38.8959 0 892 
3.81146 -436.249 1 947 
-1.65634 327.997 0 707 
0.772524 9.01817 0 469 
0.133362 29.4877 1 801 
-0.237354 77.1057 1 464 
1.65605 -109.551 1 78 
-0.825868 187.943 0 727 
0.325211 36.7539 0 522 
0.102898 37.2793 1 799 
-0.211978 70.3003 1 559 
-1.1147 168.75 0 629 
0.183852 115.781 0 600 
0.53772 68.6009 1 572 
-0.0617074 143.323 0 505 
-0.318651 173.624 1 140 
0.0404773 131.241 1 711 
0.0777455 132.372 0 630 
-0.056748 141.83 0 549 
-0.0919218 139.962 1 940 
-0.263622 182.268 1 467 
0.192309 107.388 1 625 
0.84946 17.65 0 604 
0.433017 66.4771 0 543 
0.344894 105.082 1 347 
-0.0298332 88.4362 1 244 
-0.59095 119.987 0 132 
0.422174 6.71946 0 593 
-1.00613 197.874 0 163 
0.437428 79.4479 0 994 
-0.173327 179.446 0 628 
0.192676 135.006 0 182 
0.283462 85.6193 0 469 
-0.888489 184.991 0 181 
0.190201 65.1496 0 909 
0.267524 50.1361 0 754 
-0.505001 138.858 0 327 
1.77817 -63.1458 1 1021 
4.38993 -500.483 1 380 
-2.6713 511.989 1 605 
-1.40888 228.395 1 688 
2.80518 -302.075 1 601 
-1.21071 168.141 1 783 
0.46163 21.9873 0 855 
1.38109 -31.8794 0 449 
-3.06798 260.948 0 747 
-0.90067 156.052 0 216 
1.11754 -10.1911 0 536 
0.155509 32.9598 1 932 
-0.196789 63.495 0 236 
0.530679 12.7995 1 247 
-0.875891 201.33 0 692 
0.542179 122.623 1 973 
-3.0158 331.069 1 1023 
0.635405 74.9722 1 156 
-0.150769 132.327 0 501 
0.708347 37.2738 1 216 
-1.57957 289.012 1 720 
-0.941045 224.928 1 216 
2.01194 -117.747 1 596 
5.06925 -529.247 1 118 
-0.0957332 115.169 0 986 
0.453918 70.5378 0 289 
-0.505807 233.342 0 469 
-4.92851 774.89 0 623 
-0.473265 143.809 1 811 
-1.33977 238.882 1 129 
0.621331 8.47122 0 501 
-0.302211 102.542 0 923 
0.0849524 33.7314 0 295 
1.27144 -70.4967 1 78 
0.815026 28.7258 0 897 
-0.438105 132.59 0 732 
0.32297 27.6656 1 315 
-0.671318 166.887 0 404 
1.95284 -211.919 1 575 
-0.317898 156.672 0 629 
0.0774771 130.652 0 113 
-0.490128 202.334 1 22 
-0.549831 181.091 0 480 
1.36034 -11.3283 1 47 
0.465679 76.3931 0 118 
0.166452 113.367 0 628 
0.0962057 123.208 1 1022 
0.196704 100.778 1 596 
-0.416707 201.843 1 144 
0.755878 92.5334 1 940 
0.73864 93.8317 1 909 
0.181696 145.676 1 379 
0.0681884 71.769 1 829 
0.848299 -39.2821 1 542 
-0.182359 75.3072 0 347 
0.418063 40.3001 0 864 
0.460752 75.9245 0 994 
0.0608409 151.728 0 442 
0.189935 131.874 0 931 
0.801146 27.9064 0 163 
-1.10523 223.839 0 162 
0.0993946 63.0663 0 627 
-0.0416007 91.9205 1 663 
0.487945 34.169 0 90 
-1.0356 264.995 0 574 
-0.340172 123.153 1 682 
0.663164 -5.81474 0 160 
-2.7966 407.051 1 763 
-0.423237 149.021 1 832 
-0.739934 136.015 0 632 
0.443096 -12.9786 0 595 
-5.94718 742.835 0 44 
0.712523 27.9484 0 919 
0.789164 18.5573 0 836 
0.120149 35.1055 1 492 
-0.0981485 51.8882 1 497 
-0.333352 76.6296 0 530 
1.03535 -27.4179 0 316 
0.832963 54.249 0 664 
-0.822637 218.003 1 247 
0.720774 48.232 0 408 
0.434303 76.4937 0 909 
0.070079 124.689 1 588 
0.314642 89.5999 1 700 
-0.526943 207.869 1 547 
0.771885 72.747 1 909 
0.888517 -1.05308 0 575 
-1.03409 236.98 1 1018 
0.418352 48.622 1 466 
-0.0844855 123.622 0 58 
3.43775 -439.415 0 884 
0.363874 142.732 0 469 
0.805502 72.1055 1 718 
-0.315298 140.594 0 960 
0.38552 39.0936 1 994 
0.259945 30.516 0 469 
-0.281554 77.9048 0 3 
1.11118 -59.3431 1 78 
2.05505 -161.012 0 739 
-2.56361 401.52 0 728 
-0.353726 92.9453 0 803 
0.969575 -12.1108 0 641 
0.167242 103.769 0 827 
-0.227747 149.388 0 439 
0.0408478 135.06 0 900 
-0.306399 160.596 1 133 
0.365359 119.897 0 536 
0.381693 88.9127 1 912 
-0.202752 144.215 1 693 
-0.284462 157.616 1 1004 
-0.0837837 132.67 0 190 
-0.346745 164.808 1 186 
-0.756925 209.094 1 1022 
0.607085 70.5709 0 575 
0.190956 136.505 0 371 
0.142431 155.162 1 171 
-1.31005 217.788 1 42 
0.0994784 60.0715 0 427 
-0.493241 127.659 0 818 
-1.08426 198.943 0 163 
0.46517 74.296 0 994 
0.635865 92.9485 0 103 
-0.242623 178.02 0 481 
0.81688 24.7202 0 131 
0.220935 45.3358 0 232 
-0.821998 237.708 0 860 
-3.77457 836.678 0 735 
0.345446 90.335 1 663 
0.926019 23.2394 1 755 
0.818425 12.9419 0 987 
0.434488 42.947 0 556 
-1.41925 219.538 0 1019 
-1.12869 226.697 0 236 
0.40758 24.2402 0 156 
-0.813275 174.541 1 498 
-2.08721 198.173 1 782 
-3.36539 549.345 1 411 
1.36998 -3.21639 0 830 
0.303354 26.426 0 503 
0.0814103 33.8319 0 647 
1.2061 -14.461 0 410 
0.830229 69.7314 0 600 
0.878123 25.1828 0 526 
1.44908 -40.4888 1 987 
0.511107 49.5511 0 909 
0.107941 102.552 0 864 
0.302924 98.1365 0 20 
-0.104705 157.9 0 437 
0.163838 137.488 0 559 
-0.580672 238.259 0 477 
0.0799376 149.75 1 618 
0.60933 55.0737 0 596 
-0.243602 141.736 0 129 
-0.22709 120.188 0 717 
-1.50442 329.322 0 163 
1.05941 70.0665 1 794 
-0.766581 257.729 0 818 
-0.229869 149.667 0 962 
-0.176098 116.579 0 769 
-0.788408 172.021 0 994 
0.388902 29.0653 0 568 
0.706646 -24.1694 1 78 
1.13835 -27.128 0 963 
-0.301028 62.9148 0 967 
-0.52433 142.329 0 891 
1.49706 -135.411 0 668 
0.238952 109.913 0 600 
-0.306149 164.563 0 68 
-0.761343 229.686 0 185 
-0.421478 155.676 0 780 
0.484133 70.1921 0 634 
0.105253 113.729 0 274 
0.304563 118.058 0 536 
-0.481912 165.592 0 36 
-0.0860412 137.351 0 526 
-0.734309 207.207 0 1022 
-0.133424 184.799 1 956 
-0.466962 225.126 0 974 
0.172787 154.474 0 1018 
0.261988 161.954 1 940 
-0.421904 85.8813 0 756 
-0.18307 86.1318 0 753 
0.402771 -4.05319 0 593 
-1.10525 199.151 0 163 
-0.784238 240.309 0 596 
-0.342883 202.678 1 915 
0.25125 126.967 1 795 
0.7421 34.2414 0 163 
-1.13499 213.902 0 181 
1.00513 37.4079 0 219 
-0.403518 143.911 0 657 
-0.440325 159.055 0 407 
-0.503678 131.669 1 646 
-0.362009 124.438 0 155 
-2.57524 425.55 0 254 
-0.429956 151.244 0 951 
-0.863044 209.387 1 111 
0.438305 -14.9577 1 254 
0.0628422 38.844 0 618 
0.966528 9.82901 1 869 
0.467786 16.5252 0 964 
0.693759 57.6321 0 769 
-1.462 218.274 0 216 
-0.374648 88.119 1 290 
0.935879 -14.4483 0 379 
0.927923 62.1868 0 379 
1.6802 -19.7548 0 218 
0.710513 -7.24444 0 161 
0.441997 30.9831 0 546 
0.466327 13.2398 0 281 
0.773518 16.3339 0 915 
-0.3646 170.233 1 751 
0.31099 132.96 0 718 
0.251542 127.02 0 625 
-0.256636 166.179 0 877 
-0.337018 158.529 0 909 
0.796505 14.1623 0 542 
-0.272309 131.684 0 990 
1.02524 62.8627 0 705 
0.561544 117.461 0 961 
0.6971 59.2496 0 763 
-0.403673 169.236 0 20 
-0.197175 123.521 0 737 
0.473187 5.09016 0 924 
0.129819 37.8539 0 502 
-2.89157 454.132 0 130 
-1.41559 239.969 0 516 
0.546206 14.9896 0 250 
-0.449282 89.6752 0 847 
0.781284 -38.1163 0 764 
-0.421222 166.905 0 629 
-0.177049 164.579 0 818 
-0.0442243 141.398 1 973 
0.0534352 132.116 0 587 
-0.167217 162.717 1 239 
-0.0543406 139.351 0 859 
-0.552593 195.627 1 976 
0.159965 111.475 0 1022 
0.870016 8.73299 1 574 
0.422399 102.273 1 575 
-0.293857 208.244 0 977 
0.0753559 171.479 1 284 
0.729047 51.7217 0 607 
-0.0709827 194.336 1 861 
0.801976 -21.8551 1 41 
-0.103854 75.1869 1 658 
0.286679 15.1885 0 3 
-1.21897 212.591 0 195 
1.46681 -129.705 0 852 
-0.24471 173.437 0 297 
0.121874 134.54 0 961 
0.704436 37.3072 0 163 
-1.43141 261.944 0 98 
-1.74967 290.213 1 792 
1.68468 34.4977 0 901 
-3.97457 817.836 0 638 
0.632797 35.7331 1 550 
-2.75594 465.267 0 223 
1.83909 -150.947 1 108 
-0.691845 179.654 0 861 
-0.514182 142.94 0 359 
-0.162775 61.7366 0 928 
0.343195 0.855372 1 77 
1.60277 -149.273 1 753 
-4.90532 1016.42 1 766 
1.20606 -81.2404 0 993 
8.95329 -1214.17 0 508 
1.07307 -15.6841 0 284 
1.10336 53.7115 0 410 
1.24701 -8.27991 1 407 
-2.67782 525.658 1 371 
2.25401 -257.611 1 476 
0.157643 76.0438 0 832 
0.389993 53.1339 0 915 
0.521513 31.6741 0 981 
0.153955 121.032 0 960 
-0.289136 168.83 1 751 
-0.387788 183.633 1 1016 
-0.197182 160.885 0 909 
0.478484 90.474 0 959 
-0.079578 121.995 0 859 
-0.0616005 111.88 0 563 
-0.917417 244.195 0 259 
0.431632 127.249 0 563 
0.557439 98.8107 0 790 
0.257392 92.2439 0 131 
0.51783 37.0302 0 625 
0.412253 7.33386 0 232 
-0.164288 66.5022 1 31 
0.307877 22.1309 0 843 
-0.735823 181.993 0 503 
-3.34919 549.006 0 482 
0.426116 3.55958 0 231 
-0.204185 130.481 0 282 
-0.298275 154.136 0 439 
0.372269 106.198 1 895 
-0.108983 142.403 1 725 
0.0427935 130.947 1 680 
-0.0351729 137.485 1 277 
-0.0237193 134.494 0 178 
-0.058108 130.107 1 653 
0.493813 59.4478 0 636 
-0.609147 216.99 0 160 
0.233306 125.658 1 177 
0.130454 166.938 0 284 
-0.207915 205.806 1 160 
0.45289 129.745 0 538 
0.0670699 184.091 0 528 
-0.629719 194.968 0 950 
-0.963214 160.519 0 39 
-0.135668 68.4919 0 627 
-1.15319 207.512 0 291 
0.481662 70.3675 0 962 
-0.042731 156.278 0 932 
-0.15044 162.308 0 609 
0.78168 29.2012 0 163 
-0.279067 113.476 0 955 
-1.34376 298.306 0 465 
-0.190658 132.875 0 787 
0.415796 32.3095 1 375 
1.18358 1.17893 0 957 
0.240009 50.8441 1 714 
-4.27349 669.095 0 348 
1.86417 -43.7827 0 417 
0.710695 23.0048 0 1000 
0.439846 12.9214 1 676 
0.224355 21.3266 0 645 
1.29011 -69.9589 0 106 
-5.55453 342.499 1 748 
2.03543 -273.962 1 433 
1.76073 -44.6512 0 221 
-0.735072 178.973 1 501 
2.30167 -171.386 0 506 
-1.4526 225.514 0 379 
0.842186 -3.9886 0 757 
0.447354 34.8336 0 503 
0.709399 -14.7762 0 546 
0.405554 36.9575 0 403 
-0.206489 141.049 0 195 
0.127684 114.228 0 216 
0.467952 99.6557 0 100 
-0.0783048 146.808 1 183 
0.896321 24.213 0 731 
0.313928 61.8179 0 892 
0.229489 87.2796 0 442 
1.58437 -107.728 0 510 
-0.778125 217.911 0 259 
0.597166 95.6327 0 595 
0.344919 114.474 0 282 
0.187601 97.9712 0 924 
-0.703815 135.179 0 410 
0.19097 30.046 1 799 
0.671122 -42.5591 0 450 
-0.321802 97.17 0 595 
2.7339 -268.09 0 770 
0.690053 -5.25345 0 469 
-1.28366 173.08 0 597 
-0.0975458 143.66 0 313 
0.481192 79.6319 0 699 
0.691269 41.4404 0 602 
0.402121 116.204 0 748 
-0.650042 209.795 0 943 
0.061698 129.924 1 972 
-0.100818 144.275 0 335 
0.221599 94.9414 0 625 
-0.467253 212.84 0 892 
-0.0942603 179.408 1 799 
0.112959 166.478 1 190 
-0.23924 207.557 0 160 
-0.12873 198.243 0 1003 
-0.313857 251.233 1 275 
-0.034686 196.324 0 396 
-0.430327 106.562 1 1004 
-0.23439 85.5558 0 52 
-0.252298 64.5672 1 768 
-1.30172 237.916 0 3 
0.50876 94.21 0 909 
-0.438295 199.469 1 75 
-0.162448 168.463 0 481 
0.709727 40.7971 0 163 
-0.605422 127.67 0 783 
-0.860496 235.038 0 371 
0.278864 49.7307 0 531 
0.213873 50.4893 0 263 
2.88403 -137.222 1 544 
-0.984405 168.175 0 692 
-1.46566 278.822 0 443 
0.868717 44.7184 0 545 
-0.779138 184.691 0 695 
0.486613 19.5496 0 811 
2.63823 -229.327 0 626 
-0.142356 62.1007 0 821 
4.26912 -290.524 0 862 
-2.9569 455.468 1 538 
1.39376 -19.8082 0 600 
0.455776 85.2824 1 993 
-2.64962 488.333 0 605 
-1.4399 236.604 1 538 
0.892288 -3.69574 0 757 
-0.411464 145.079 0 595 
-0.527462 160.467 0 596 
0.452984 16.44 0 917 
0.436457 33.3754 0 949 
0.598219 97.0217 0 781 
-0.103388 135.758 1 566 
0.268396 107.038 0 139 
0.0706926 123.924 0 1015 
0.259973 71.9385 0 91 
-0.338262 129.782 0 518 
-0.424787 128.017 1 663 
1.92279 -171.165 0 915 
1.78167 -143.662 0 499 
-0.586163 214.903 0 418 
0.299541 78.1579 0 3 
-0.800822 138.308 0 442 
0.0855895 33.3284 0 263 
0.187337 42.5766 0 838 
0.304011 22.9744 0 503 
2.07255 -167.3 0 994 
-0.688778 142.312 0 864 
-1.22725 176.283 0 629 
0.197503 117.39 0 505 
0.478193 95.9216 1 147 
0.156425 109.152 1 271 
0.0280369 133.13 1 369 
-0.0500784 141.711 1 401 
0.0401731 128.503 1 683 
0.723535 32.1277 1 87 
-0.482858 189.002 0 194 
-0.416178 206.678 0 924 
0.112548 156.057 1 271 
0.283447 156.75 0 1021 
-0.101595 203.234 1 625 
-0.55183 263.854 1 119 
0.147325 170.737 0 575 
0.0425064 190.363 0 489 
-0.10022 71.9023 0 612 
0.946524 -63.4555 1 24 
-0.492593 108.862 0 626 
-1.02326 224.101 0 3 
0.534217 85.0954 0 590 
-0.37548 220.71 1 275 
-0.08622 162.89 0 910 
0.723227 40.8259 0 163 
-0.4027 125.187 0 866 
-0.189709 99.2889 0 163 
0.919688 39.733 1 988 
-0.389363 101.465 0 631 
2.75357 -152.32 1 958 
-0.997826 159.616 0 942 
1.08092 -38.2945 1 626 
0.686432 18.3657 0 474 
1.33443 43.8139 0 773 
0.690223 -4.23778 0 951 
0.67658 2.74348 0 986 
0.72279 -10.5456 0 676 
-4.39005 691.82 0 65 
-1.33084 224.915 1 1022 
1.6905 -17.4851 0 989 
0.890383 20.7315 0 620 
0.456545 11.7638 0 830 
0.154709 35.59 0 375 
0.864491 1.18472 0 757 
-0.396595 152.261 0 595 
0.73524 -13.2353 0 674 
-0.619826 192.828 1 508 
-0.124415 120.398 0 629 
0.0351446 116.064 1 821 
-0.296523 140.687 0 935 
0.241722 117.277 0 484 
-0.171799 149.355 0 420 
0.13039 117.636 1 216 
0.522059 77.6237 1 718 
1.39323 60.1407 1 940 
-1.07609 252.496 0 160 
0.686181 83.757 0 163 
-0.262336 149.946 0 909 
0.582933 0.980814 1 767 
0.316384 29.3533 0 746 
-0.168517 76.829 1 500 
0.615893 29.3129 0 742 
-0.271643 66.0696 0 769 
0.958189 11.0883 0 864 
-3.90936 799.247 0 852 
-0.772766 190.546 0 232 
0.155011 121.442 0 632 
0.148218 114.945 1 304 
-0.121272 142.665 0 726 
0.403605 91.131 0 73 
0.367663 116.847 0 409 
0.0385759 128.598 1 490 
-0.248699 173.691 0 341 
0.292494 87.0349 0 890 
0.468495 102.767 0 802 
-0.186451 201.446 0 128 
-0.108312 199.644 0 160 
-0.121184 205.586 1 332 
0.193801 169.28 0 85 
-0.0988259 211.414 0 304 
0.0745368 185.32 0 859 
0.247809 46.4042 0 504 
0.0967751 48.3017 0 396 
0.184941 40.7167 0 641 
-0.343815 139.911 0 469 
0.185626 115.78 0 962 
0.0688691 145.544 0 410 
0.0593178 145.65 0 563 
0.785725 32.7752 0 195 
-0.276174 115.468 0 764 
0.568709 43.4998 0 347 
-0.85491 164.305 0 830 
0.864252 26.6693 0 940 
0.784242 19.8709 0 218 
-1.66653 290.864 0 477 
-0.188704 79.8726 0 649 
-0.213331 115.245 0 886 
-0.457277 158.711 0 26 
0.503865 27.557 0 91 
-1.4846 196.958 1 783 
-0.451259 126.861 1 829 
3.33932 -340.802 0 258 
0.830518 12.2252 1 374 
1.59741 -27.02 0 676 
1.01553 0.291528 0 408 
0.0610253 37.6746 0 778 
0.152757 36.4361 0 727 
0.34673 23.0562 0 757 
-0.189328 101.026 0 470 
0.581962 36.3456 0 686 
-0.342605 148.023 0 511 
0.288832 82.6177 0 847 
0.539631 94.8717 0 736 
0.708219 -22.9907 0 210 
-0.388952 179.561 1 591 
-0.117057 147.774 1 90 
0.155324 109.075 0 920 
0.326174 89.2039 0 753 
-0.538838 239.131 0 924 
2.07781 32.9082 0 260 
0.939008 52.5158 0 163 
-0.207147 149.258 0 569 
-0.847937 148.665 0 632 
0.909829 -49.1997 1 104 
-0.109044 61.7051 0 865 
-0.259559 83.0264 0 740 
-0.110732 55.3285 0 896 
0.960614 4.72394 0 896 
-1.07619 261.761 0 834 
0.236945 92.6217 0 664 
-0.0925924 145.698 0 861 
-0.541602 200.519 0 1008 
0.365282 110.05 1 640 
-0.439996 181.372 0 43 
-0.0522104 133.863 0 524 
0.208719 121.575 0 189 
0.852924 18.165 1 857 
0.927665 44.8319 0 257 
0.674886 74.6173 0 386 
0.292072 162.504 0 909 
0.029366 188.944 0 870 
0.0282256 187.861 1 986 
0.0596843 189.457 0 347 
0.28687 184.805 1 704 
0.169593 173.969 0 674 
0.0969098 42.4213 1 987 
-0.526656 129.293 0 475 
-0.221376 79.6175 0 246 
0.805986 -24.8975 0 700 
0.209389 110.92 0 700 
0.678755 67.8201 1 1011 
-0.060419 160.723 1 528 
0.83184 28.7504 0 163 
-0.974077 189.336 0 186 
-3.53303 750.497 1 341 
-1.05098 174.907 0 545 
0.80239 15.5907 0 398 
0.712115 22.56 0 964 
-0.15326 76.4509 0 695 
1.00905 27.0084 0 653 
0.53336 51.917 1 769 
0.338192 44.9149 1 937 
-3.44769 495.883 1 687 
-7.17346 1480.04 1 766 
1.1842 -33.1626 0 700 
-0.747332 211.486 1 247 
-0.792795 229.558 0 955 
-6.76705 1032.82 0 223 
-0.192106 78.1025 0 886 
0.158485 31.5547 0 811 
0.64018 -39.601 0 818 
0.338831 18.7867 0 503 
2.15196 -60.5067 0 640 
1.92165 -286.307 0 917 
0.0743973 94.0512 0 954 
0.577494 25.4974 0 915 
0.064578 109.098 0 832 
0.975334 37.8721 1 422 
0.319533 53.0832 1 829 
0.456273 41.4091 1 929 
0.746511 11.7877 1 291 
-0.920835 243.093 1 700 
-2.89196 644.983 1 949 
-5.04681 857.565 1 674 
5.02587 -863.112 0 735 
1.28882 -136.31 0 343 
0.41439 25.9468 0 156 
0.353746 29.5382 0 908 
-1.24397 293.889 1 735 
2.50625 -235.635 0 153 
-0.479465 78.9539 0 814 
-1.07861 212.372 0 961 
0.300245 98.8984 0 843 
-0.599807 200.647 1 89 
0.1742 116.814 1 108 
-0.21442 159.328 0 139 
-0.171966 154.995 0 785 
-0.242403 150.96 0 452 
-0.286282 164.544 0 687 
-0.122696 141.626 0 847 
0.0791166 110.714 1 500 
-0.890887 253.387 0 643 
0.399686 146.486 0 909 
0.598357 79.4812 0 701 
-0.232578 224.002 0 0 
-0.0273881 195.056 0 533 
-0.408102 237.023 0 115 
0.145206 185.135 0 626 
0.181294 166.26 1 467 
0.206419 25.6325 0 79 
0.103875 45.902 0 491 
-0.417097 93.8664 0 597 
-0.863208 202.563 0 163 
0.843196 -6.05541 0 884 
-0.0424751 160.016 1 367 
-0.109824 171.11 0 890 
-0.711095 177.237 0 769 
0.456941 41.671 1 620 
0.720495 34.7986 0 347 
1.74523 -96.4277 1 795 
1.77523 -10.3656 1 869 
0.242596 12.4374 1 277 
1.8799 -22.9629 0 813 
0.832994 0.844627 0 327 
0.199256 60.827 1 821 
0.692334 -35.9651 1 276 
0.70477 45.8252 0 799 
-0.979037 183.544 0 956 
-0.872699 242.412 0 897 
0.921457 9.8259 1 558 
1.05707 -32.44 0 682 
0.065083 38.6741 1 537 
0.100351 29.7137 1 146 
-0.0946181 59.135 0 595 
0.238279 6.53043 0 309 
-0.281123 96.8424 0 595 
-0.496123 95.4061 0 742 
1.30572 -135.487 0 1013 
0.52387 21.1911 0 624 
-0.18708 121.754 0 296 
0.210924 93.075 0 751 
-0.0492752 128.021 1 391 
-0.493339 165.305 1 296 
-0.279253 115.893 1 503 
-0.401523 146.419 1 97 
0.903787 46.0637 0 783 
-0.738726 217.787 1 232 
-0.680337 254.989 0 923 
-0.343221 161.601 0 97 
0.896194 5.57523 0 218 
0.508526 20.3164 0 252 
-0.0954385 54.0823 1 690 
0.981887 -139.837 0 891 
0.596549 36.3562 0 471 
-0.508176 92.9295 0 846 
-1.02152 169.44 1 689 
-0.339839 157.776 0 999 
0.465827 99.176 0 420 
-0.266414 170.516 0 881 
-0.714147 268.455 0 372 
-0.0443835 139.298 0 646 
0.322456 108.45 1 36 
-0.21726 144.566 1 997 
-0.0370379 135.672 0 954 
0.197188 98.2884 0 3 
-0.934576 251.951 0 291 
-0.182416 211.979 0 924 
-0.363219 237.701 0 1008 
-0.164846 214.695 1 150 
0.0590081 187.655 0 206 
-0.0292696 202.95 0 375 
-0.134147 206.432 1 877 
0.186784 171.98 1 3 
0.607258 19.9858 0 441 
0.108503 30.2101 0 334 
0.606938 -27.7647 0 668 
0.318596 68.3598 0 864 
0.910932 -7.73809 0 1013 
-0.060042 159.789 0 439 
-0.346263 186.801 0 893 
-0.811018 248.948 1 574 
-1.50397 281.483 0 354 
0.630038 38.3978 1 550 
0.294836 42.6111 0 345 
2.62978 -44.9118 0 630 
0.761708 9.24579 0 410 
-1.58136 272.76 1 108 
-0.687716 198.524 1 375 
5.48638 -565.546 0 184 
-0.390769 154.423 0 91 
-0.470437 154.563 0 553 
-1.17345 185.446 1 491 
-1.56099 271.674 0 910 
11.0637 -2054.67 1 734 
0.577077 26.4093 0 156 
-0.196502 60.9844 1 822 
-1.15129 200.93 0 22 
0.195622 35.7073 1 774 
-0.0769569 58.9889 0 810 
-0.919028 178.492 0 1012 
0.210198 41.358 0 216 
-0.718568 154.561 0 657 
-1.17456 229.743 1 979 
0.647707 -16.4439 0 819 
0.450223 49.0901 0 623 
0.280458 72.3329 0 948 
0.254794 85.5969 0 657 
0.203909 92.2307 1 751 
0.167936 86.0376 1 841 
0.306223 84.5011 1 801 
0.534144 68.2466 1 910 
1.07059 -26.8593 1 223 
0.479826 39.0209 0 829 
-0.700848 175.704 0 828 
0.184178 12.0811 0 175 
0.228935 24.0967 0 200 
0.612563 -24.3631 0 890 
-0.645692 98.6707 0 598 
0.615769 21.4999 0 577 
0.726419 -27.9293 1 78 
-1.14013 218.251 0 324 
0.574804 93.191 0 484 
-0.0591439 146.521 0 809 
-0.765877 238.201 1 856 
0.172751 121.165 0 1018 
-0.0569802 144.701 0 498 
-0.036985 139.284 0 627 
0.100834 118.019 1 97 
-0.257378 141.372 0 909 
-1.24276 293.825 0 291 
-0.12259 211.699 0 232 
0.171709 163.439 1 982 
0.0522068 193.33 0 494 
0.66025 71.6005 0 766 
-0.539981 292.895 1 638 
0.1193 180.074 1 129 
-0.166273 210.575 1 227 
-0.479436 65.4643 1 716 
-0.140331 62.5788 1 899 
1.3929 -128.94 0 738 
0.518886 23.1615 0 668 
-0.476201 188.831 0 163 
-0.524124 196.282 1 325 
-0.0872423 166.101 1 78 
0.774441 36.408 0 163 
-0.325492 120.85 0 595 
0.3885 57.2802 0 775 
-0.151331 90.7194 0 620 
-0.44709 104.752 0 632 
-0.891769 133.202 0 878 
-0.187867 74.3966 1 497 
-3.57933 378.693 0 452 
-0.253432 160.303 0 244 
-0.332977 138.423 0 518 
0.511107 15.6732 0 595 
-0.687152 157.461 0 709 
0.863968 38.5955 0 986 
1.39249 -8.51133 0 187 
-0.365269 64.3143 1 747 
0.235815 36.2035 0 621 
0.183002 29.6836 0 129 
-0.387821 64.536 0 813 
-0.0626706 53.3402 0 529 
0.729183 -42.1655 1 921 
0.56838 -48.826 0 981 
-0.249349 70.9601 0 846 
-0.546927 107.29 1 751 
0.354423 55.3629 0 751 
0.225887 78.4712 0 216 
0.510002 46.1832 0 656 
0.128523 111.756 1 940 
0.384622 103.116 1 940 
0.479132 91.3141 1 909 
0.251567 99.7167 1 764 
0.492247 68.4379 1 818 
-0.46984 216.832 0 949 
0.866401 -16.8927 0 861 
-0.0657393 48.9646 1 550 
-0.156132 60.025 0 458 
1.49714 -247.058 1 765 
1.60712 -87.4031 0 257 
-1.05981 120.493 0 747 
0.882712 18.3548 0 693 
0.213617 39.6114 0 534 
-0.410158 174.66 0 740 
0.24968 96.1755 0 700 
-0.0988735 146.243 0 750 
0.302088 83.6602 1 144 
0.434672 79.6617 0 1 
0.0289015 134.981 0 804 
-0.0871523 142.046 0 647 
-0.266462 141.989 1 756 
-0.624407 227.816 0 884 
1.47733 -69.6305 0 668 
-0.106338 208.061 0 439 
0.317943 158.242 1 511 
-0.0539118 207.711 1 764 
0.284262 148.519 1 403 
0.0463023 188.007 1 955 
0.0233015 190.661 1 345 
0.072228 183.142 1 924 
0.0748255 31.9826 1 659 
0.0844362 36.483 0 461 
1.31509 -150.655 0 916 
-0.416292 127.975 0 629 
0.4351 76.8013 0 994 
0.585443 76.3083 1 698 
-0.275994 166.356 0 971 
0.768932 36.8811 0 163 
-0.59128 145.629 0 802 
0.308416 38.3272 1 407 
0.682479 24.8097 0 568 
-0.608354 176.375 0 764 
0.21785 38.8135 0 759 
0.575801 -26.4768 0 57 
0.987188 -58.7836 0 993 
-0.784977 191.805 1 498 
0.210101 88.9846 1 91 
-1.32348 282.531 0 151 
1.20248 28.5571 0 846 
6.02304 -399.979 0 512 
0.181979 41.9139 0 377 
-0.197408 75.8787 0 443 
-1.34952 160.584 1 512 
-0.147715 67.3851 1 691 
-0.887715 165.295 0 762 
-0.0929527 58.9213 1 993 
0.143888 39.2271 0 773 
0.218377 36.8127 1 750 
-0.123791 60.8245 0 1000 
-0.331475 104.928 0 25 
-0.906143 145.773 0 826 
0.641943 31.0844 0 751 
-0.562003 132.205 0 768 
0.305067 94.1285 0 751 
0.758393 52.0716 0 719 
-0.109966 158.319 0 146 
-0.107623 160.929 1 658 
1.10475 59.6452 0 544 
-0.741821 163.776 0 410 
0.150142 26.8189 0 295 
0.88083 -121.57 1 468 
0.371368 12.4204 1 106 
-0.621304 166.209 0 891 
-1.20229 201.712 0 214 
-1.28603 135.106 0 747 
1.55853 -234.488 1 670 
0.438502 2.50661 1 722 
0.366503 100.507 1 722 
0.159862 111.316 0 690 
-0.106056 145.37 1 928 
0.216363 107.481 0 53 
0.373666 87.0157 1 24 
-0.0330467 138.99 1 400 
0.191223 104.349 0 593 
0.451731 65.5952 0 762 
0.26677 82.335 0 3 
1.35255 -49.5094 0 700 
0.265148 165.218 0 899 
-0.0321504 196.918 0 522 
-0.264477 224.521 0 19 
-0.186665 206.511 0 1003 
-0.132034 196.906 1 190 
0.497667 89.9664 0 767 
-1.4084 245.978 1 347 
0.218298 23.569 1 321 
0.17557 20.6203 1 361 
-0.243414 84.8308 0 469 
0.541899 46.5968 0 183 
0.366162 87.3688 0 962 
0.0909094 147.071 0 814 
0.468663 86.0983 0 508 
0.890153 10.7048 0 3 
2.86061 -97.6604 1 988 
0.960933 17.2001 0 708 
-0.216717 88.0063 0 886 
0.229023 44.4536 0 503 
-0.516366 96.3595 0 957 
-0.181369 54.0073 0 779 
-0.941681 187.22 0 503 
0.733745 6.15594 0 59 
-0.907128 155.052 0 801 
0.626701 48.5578 0 776 
-1.04684 190.568 0 492 
0.832744 31.0644 1 937 
0.881236 -29.077 0 146 
-0.11182 54.7832 1 740 
0.152448 34.7652 0 424 
-0.438428 82.9626 0 878 
-0.519824 103.174 1 975 
-0.0641796 50.4173 0 695 
0.0455177 38.7482 0 759 
0.115704 36.7004 0 722 
-0.22722 64.0003 0 190 
0.282318 3.40635 0 123 
0.950794 14.8988 1 940 
0.925299 -57.5193 1 700 
0.589926 0.773224 1 732 
0.212052 90.4954 1 727 
-1.77412 285.317 1 147 
-0.0910821 147.11 1 558 
0.267755 125.445 1 741 
0.210516 114.445 1 359 
-1.04999 268.177 0 690 
-2.41174 358.325 0 920 
0.125275 47.4485 0 907 
-0.630632 82.2933 0 747 
-0.0927167 53.0807 0 999 
1.34967 -64.6096 0 353 
0.520375 50.9769 0 471 
-0.463698 99.3439 0 726 
0.476802 37.2778 0 757 
-0.468707 189.913 1 658 
2.93341 -313.682 0 507 
-1.05749 292.344 1 981 
0.184146 97.3197 1 469 
0.44156 71.8255 1 259 
0.314057 94.8842 0 920 
0.189383 109.273 0 795 
-0.180516 147.056 0 406 
0.263591 93.4389 0 959 
-0.718548 260.494 0 924 
-0.308265 214.665 1 1003 
0.130752 182.358 1 1019 
-0.412161 251.767 1 674 
0.481041 119.54 1 128 
1.74353 -3.86325 1 1022 
-1.06773 179.493 1 379 
-1.30213 225.931 0 65 
-0.454133 147.201 1 91 
-0.399484 80.3712 0 751 
-0.27518 73.1114 0 160 
2.11295 -257.229 0 948 
2.53648 -358.554 0 917 
-0.20181 159.218 1 378 
-0.263012 184.268 1 186 
3.99332 -420.744 1 96 
1.10721 -1.21713 0 987 
5.39524 -194.747 0 472 
-0.346419 110.292 0 918 
-0.244628 95.6834 0 986 
-0.727808 163.282 0 963 
-2.08185 315.707 1 825 
-0.469522 150.453 0 821 
8.55548 -1056 1 86 
-0.623061 162.203 0 527 
-3.88582 655.094 0 223 
0.465177 65.111 0 680 
4.7632 -550.041 0 33 
-1.43915 243.964 0 679 
1.13658 -61.2286 0 59 
-1.45991 176.806 0 893 
-0.510838 94.3724 0 878 
0.138234 35.9585 0 741 
-0.077404 53.7713 1 497 
0.172328 35.7675 0 901 
-0.0757889 56.4034 0 833 
-0.512082 69.827 0 555 
0.205766 38.3907 0 864 
0.306443 40.7171 0 732 
-0.948251 180.612 1 229 
-0.0594318 117.329 0 26 
-0.490299 169.509 1 80 
0.236318 104.057 0 718 
-0.402775 166 1 879 
-0.536291 229.105 1 275 
0.481054 111.893 0 909 
0.411334 119.24 0 578 
-0.319733 203.637 1 811 
-0.731019 214.802 1 854 
0.949399 0.354364 0 788 
-0.784465 96.5439 1 164 
-0.244802 91.4346 0 469 
-1.93254 342.696 0 98 
-0.359491 90.5814 0 726 
1.0484 14.0031 0 757 
-1.91429 405.357 0 290 
0.553171 32.5788 1 546 
0.996916 -79.4882 1 1014 
-0.282526 134.45 0 920 
0.219201 81.6955 0 953 
-1.90123 462.62 1 917 
-1.76095 421.13 1 852 
0.231488 81.627 1 897 
0.488539 44.145 1 67 
0.6936 86.2434 0 898 
-0.215693 206.684 0 990 
0.157507 169.683 0 760 
0.328914 141.92 0 128 
1.91215 -114.103 1 128 
0.625992 3.06682 0 987 
-0.401099 83.1388 1 1022 
0.592465 14.2351 1 1004 
0.307891 88.9395 0 800 
-3.20101 646.061 0 819 
-0.590958 110.832 0 751 
-0.784409 159.712 0 611 
0.758793 23.6745 0 994 
0.165033 132.044 1 721 
0.131669 144.799 1 533 
0.768839 37.2514 0 163 
3.87132 -310.829 0 562 
-3.99884 720.995 1 575 
0.546487 -69.131 0 766 
0.736363 16.6435 0 442 
0.908515 1.76638 1 928 
-0.566575 150.002 0 379 
-0.612684 159.238 0 955 
-0.306664 135.691 0 821 
-1.56132 271.964 0 267 
0.39522 58.5947 1 778 
-5.16345 803.226 1 88 
-0.503301 207.151 1 392 
0.784327 13.2257 0 937 
0.799697 6.6155 0 937 
0.440136 29.767 0 630 
-0.234078 74.6729 0 865 
0.625991 -69.0992 1 467 
0.476116 13.3185 0 292 
0.190305 38.5189 0 649 
-0.582227 121.782 0 731 
0.25349 40.1084 0 967 
0.556252 5.77533 0 225 
0.180658 59.4444 0 732 
0.359313 66.9108 1 1018 
0.086599 101.876 0 904 
0.454518 34.8373 1 669 
0.131316 93.5459 0 343 
0.166156 105.837 0 129 
-0.246875 151.827 0 1022 
-0.518335 226.105 0 596 
-0.554747 242.581 1 979 
-0.416156 256.291 1 949 
0.211461 160.001 1 657 
-0.332195 211.323 1 811 
0.958373 2.58613 0 821 
-0.954474 236.5 1 276 
0.340689 33.5543 0 232 
-0.117117 69.3459 0 801 
1.37263 -96.9274 0 890 
0.173662 111.122 1 375 
0.395957 81.7693 0 825 
0.5573 47.2125 1 915 
0.479208 49.5612 1 706 
0.883173 -52.6161 1 949 
0.676436 28.8258 0 826 
-0.351565 115.127 0 751 
-0.232356 125.751 0 924 
-0.369648 142.149 0 531 
1.03199 34.3554 0 802 
0.491804 100.281 0 638 
0.201205 164.989 0 660 
0.813331 27.0057 1 798 
0.503948 29.0596 0 408 
0.301361 8.29789 1 796 
0.300107 48.3683 1 909 
-0.0812164 79.4932 1 906 
0.66005 70.8373 0 751 
0.900115 39.5807 1 752 
-0.893792 169.722 0 183 
-0.437756 114.681 0 961 
0.752622 26.1119 0 994 
0.237976 130.055 1 92 
0.0645092 148.513 0 838 
0.806811 94.1333 0 757 
-1.23366 251.025 0 537 
0.278322 29.1693 1 187 
0.171366 15.5792 1 595 
-0.410112 90.258 0 129 
-0.541878 126.176 1 887 
0.165667 44.029 0 146 
-2.0192 340.658 1 506 
-0.711685 165.552 0 929 
0.410528 30.1408 0 212 
-0.286963 128.388 0 91 
-0.352503 167.404 0 91 
0.699052 14.3394 0 404 
-0.899471 254.78 0 563 
0.387288 69.3348 0 854 
1.11523 -1.70429 0 533 
-0.197584 73.0847 0 865 
-0.165431 65.8954 1 827 
1.06538 -94.261 1 22 
-0.647745 98.959 0 324 
0.137774 39.8426 0 759 
0.340663 14.9249 0 732 
-0.24582 75.3384 0 663 
0.303326 58.8927 0 855 
-0.831323 218.173 1 96 
1.46259 -168.48 1 342 
-0.681394 188.013 1 114 
0.194547 86.7122 1 271 
0.579542 19.5742 1 607 
0.305247 94.6285 0 738 
0.44051 82.7785 0 948 
-0.299041 193.031 0 826 
-0.525732 224.007 1 719 
0.484624 130.22 0 719 
0.526403 116.855 0 915 
0.436403 112.064 0 853 
0.917463 20.1926 0 821 
0.44291 20.5928 1 959 
0.277097 7.25279 0 796 
1.24699 -4.39411 0 600 
-0.819844 169.027 0 472 
-0.328294 162.042 0 70 
0.0465441 124.669 1 367 
-0.138984 147.979 0 818 
0.0826495 109.627 0 993 
0.460601 69.8458 1 719 
0.737124 20.8237 0 825 
0.350933 49.7055 1 575 
1.06511 34.2213 0 641 
0.733437 68.9445 1 575 
0.155303 173.476 0 96 
0.994761 41.0388 0 128 
0.834739 -10.4883 0 861 
-0.292006 89.1578 0 724 
1.63536 -146.481 0 33 
0.643585 4.83222 1 785 
0.644693 -39.2228 0 669 
1.02812 -11.1659 0 183 
1.13238 -13.084 0 610 
-2.27222 485.023 0 948 
1.56995 -117.932 1 792 
0.74724 28.5547 0 994 
-0.3946 193.366 1 135 
-0.110706 162.66 0 577 
-1.92871 374.929 1 921 
-2.07384 327.811 0 20 
-0.143457 47.5508 1 972 
0.515712 23.0564 0 556 
-1.56186 274.587 0 380 
0.558989 17.2621 0 757 
-0.515159 144.085 0 295 
-0.623071 163.53 0 58 
-0.219256 89.7687 1 821 
1.64104 -60.5714 0 894 
0.9683 -46.6903 1 753 
1.65376 -44.5233 0 1016 
0.527612 28.4147 0 923 
1.09295 57.2473 0 846 
-0.603279 171.079 0 244 
-8.60188 698.988 0 324 
-0.218798 67.9971 0 865 
0.161362 36.5059 0 522 
0.370536 15.9548 0 548 
-0.977063 122.976 0 164 
-0.130123 59.2553 0 631 
0.438313 5.90594 0 764 
-0.575329 153.431 0 595 
0.282007 57.2754 0 855 
-0.125186 119.703 0 861 
-0.0928368 118.652 0 1002 
0.065334 105.622 0 58 
0.273401 105.769 0 693 
0.0548441 120.283 0 864 
0.753585 34.5408 0 947 
0.418671 85.0694 0 915 
0.71225 13.5927 0 885 
0.0675782 152.647 0 627 
0.338446 116.667 0 981 
-0.0549153 193.098 0 469 
0.144057 187.16 0 769 
0.162774 186.396 1 800 
0.939506 11.9156 0 854 
0.51548 18.1934 0 779 
2.01975 -206.323 0 668 
0.206329 91.2984 0 732 
0.395297 76.9665 1 541 
-0.35439 146.347 1 812 
0.133588 120.544 1 662 
0.113466 106.921 1 271 
-0.0482706 124.899 0 502 
1.07894 -28.1743 1 88 
-0.650359 192.886 0 150 
-2.30405 474.428 0 593 
-0.0440472 199.274 0 282 
0.156176 172.957 0 128 
1.01785 -34.6866 0 892 
0.859463 -46.5042 0 254 
0.476382 -2.69596 1 435 
0.1018 78.1465 1 376 
-0.4541 122.658 0 990 
1.13334 -130.972 0 342 
-0.793592 134.173 1 689 
0.966894 13.1132 0 898 
0.875078 33.5628 0 355 
-0.339801 99.0778 0 424 
0.683089 36.1208 0 962 
-0.735794 233.45 0 82 
-0.0593225 163.176 0 743 
0.67875 51.9864 0 163 
-1.16083 180.668 0 673 
0.255658 26.6734 1 972 
-0.218893 84.8207 1 206 
0.0927855 32.8899 0 438 
-0.850782 207.29 1 767 
-1.15387 264.162 0 732 
-0.422384 123.282 0 595 
-0.370947 119.239 0 145 
-1.55543 339.08 1 239 
2.87715 -171.721 0 6 
0.388563 67.9736 0 970 
1.17899 -35.4066 0 994 
2.03337 -119.729 1 920 
2.08887 -158.712 1 78 
-1.73233 255.723 0 632 
0.277575 12.3528 0 295 
0.46203 -1.49387 1 722 
0.0737919 39.4478 0 807 
0.144361 34.907 0 599 
0.287648 18.9953 0 231 
0.230913 72.1602 1 159 
0.408305 20.2094 0 833 
0.416779 35.3068 0 994 
0.191287 94.1312 0 726 
-0.0462931 116.391 1 683 
-0.145529 123.72 0 774 
-0.0832941 123.595 1 769 
0.265091 102.715 1 1019 
0.555928 24.0636 0 917 
-0.3596 201.116 1 819 
0.0770965 140.044 1 112 
0.633673 39.588 0 917 
0.240496 148.338 0 622 
0.424371 111.11 0 884 
0.144123 184.577 0 737 
-0.239757 236.517 0 596 
3.27701 -209.581 1 920 
0.302636 17.7892 0 811 
1.7266 -173.473 0 700 
-0.158336 139.354 0 836 
0.0485995 126.821 1 618 
0.0737105 121.38 0 365 
-0.0454812 129.88 0 431 
-0.409927 202.54 1 885 
-0.176299 128.149 0 940 
0.946123 -8.8688 1 543 
1.38892 74.7754 1 1003 
0.46116 145.817 0 909 
0.182167 166.795 1 819 
0.78309 78.8615 0 128 
0.734988 22.3472 0 861 
-0.0767662 88.744 1 407 
0.255107 76.0271 1 1003 
-0.366862 112.51 0 909 
0.258195 59.5147 0 1021 
-0.0495693 95.3212 0 345 
-0.45888 85.5104 1 689 
1.13088 -14.4101 0 962 
0.877106 31.2682 0 483 
-0.401879 84.0927 0 663 
0.822879 16.2851 0 994 
0.204728 146.189 1 472 
-0.084912 162.096 0 757 
0.62726 58.3897 0 163 
1.16379 -4.19791 0 629 
-0.160559 61.1224 1 650 
-0.0692738 45.5138 0 999 
-0.161522 66.3681 0 495 
1.05895 -30.4443 0 222 
-3.16205 517.222 0 642 
-0.179017 80.1967 1 374 
2.11263 -257.432 0 507 
0.211186 11.8032 0 531 
-1.31335 219.548 1 752 
0.347792 43.6843 0 244 
-1.207 189.36 0 964 
-1.34259 207.304 1 814 
-0.862198 196.173 1 62 
1.02887 -55.4342 0 691 
-0.4398 85.869 0 910 
-0.178534 62.4322 0 904 
0.380244 27.1606 0 779 
-0.648849 75.5707 0 715 
0.488682 29.4177 0 347 
-0.225222 114.3 1 956 
4.63831 -832.574 1 735 
0.279819 45.7705 0 732 
-0.135142 128.413 1 335 
-0.311062 134.356 1 608 
-0.409098 162.32 0 944 
-0.0857963 121.561 0 458 
-0.037656 126.871 1 986 
-0.461014 173.154 0 19 
-0.0409277 142.484 0 469 
0.481724 81.5455 0 947 
0.175405 143.067 0 737 
0.0727416 163.052 0 832 
0.157747 171.857 0 705 
0.295002 140.859 0 949 
0.418349 148.742 0 85 
0.0598458 198.054 0 595 
1.22261 -64.993 0 951 
1.0308 -86.5539 0 764 
0.0896735 117.945 0 424 
-0.231399 161.938 1 98 
0.706466 33.0416 0 697 
0.0479344 116.614 0 993 
-1.20843 296.569 0 445 
-0.197353 124.671 0 1023 
0.82963 72.8647 0 600 
0.422372 157.43 0 990 
0.208858 162.307 0 668 
0.202727 170.877 0 128 
-4.50441 949.064 1 607 
0.15296 68.0159 0 565 
-0.318009 121.027 0 3 
-0.382903 112.913 1 1023 
-0.10892 97.2636 0 955 
-0.149019 97.2037 0 661 
-1.33867 269.022 1 33 
0.122992 22.2412 0 502 
1.26198 -38.7869 0 962 
0.817112 58.8303 0 182 
-4.3219 660.443 0 130 
0.847677 11.4588 0 962 
-0.0378936 157.199 1 649 
0.359061 129.168 1 196 
1.68866 -32.8615 0 19 
-1.09293 249.429 0 700 
0.265909 30.2132 0 661 
0.247261 16.3902 1 457 
0.939494 6.09935 0 901 
-0.526078 133.412 0 961 
-0.333356 90.5777 0 727 
-0.729095 164.354 1 302 
0.0960552 37.2308 0 250 
0.243075 8.56263 0 563 
-2.82114 261.999 0 260 
3.03422 -444.746 0 981 
0.34868 79.3972 1 995 
-3.52885 254.933 1 378 
-1.00658 187.905 1 727 
1.57325 -28.1623 1 846 
0.827515 -63.7896 1 595 
-0.420662 141.686 1 91 
-1.0749 175.486 0 976 
0.221907 30.8537 0 347 
-0.889268 141.23 0 959 
0.0567637 98.4539 1 518 
0.375248 24.8305 1 375 
0.262463 54.0745 0 732 
0.151597 102.639 0 757 
-0.155393 126.984 0 726 
-0.783735 221.482 0 539 
0.589607 42.0475 0 946 
0.054073 109.678 1 278 
0.0592747 118.369 0 832 
-0.172668 156.325 0 328 
-0.145123 153.217 1 751 
0.428737 98.5887 0 623 
0.579334 74.8093 0 1013 
-0.278238 218.699 0 596 
0.302272 136.732 0 949 
0.139995 183.867 0 20 
0.115806 192.91 0 530 
1.34638 -73.8476 0 983 
-0.983098 204.727 0 232 
0.0978691 121.097 0 456 
-0.284506 141.988 1 812 
-0.0681969 137.015 1 206 
-0.283656 137.33 1 736 
-0.362754 194.429 0 853 
-0.53861 171.153 0 974 
0.560376 95.3068 0 864 
-0.246089 226.516 0 668 
0.295035 155.005 0 994 
0.799902 80.8345 0 128 
-1.62272 376.734 1 575 
-0.0698905 90.3623 0 832 
-0.768688 160.57 0 19 
-0.454069 109.704 0 1003 
0.300191 39.588 1 574 
-0.14641 110.536 1 206 
-0.12867 91.5677 0 919 
-0.558973 102.888 1 921 
1.50356 -86.3653 0 962 
0.64116 64.7564 0 739 
-4.09178 635.031 0 162 
1.72702 -134.187 0 546 
0.0477473 149.375 0 887 
0.0870274 141.069 0 404 
0.192902 117.314 0 833 
-3.52405 607.419 0 706 
0.146642 31.9139 0 522 
-2.01323 428.279 1 797 
0.203527 30.9632 1 620 
-0.329278 78.5147 0 597 
0.669466 2.14801 1 925 
-0.624351 121.794 1 720 
0.482322 18.0877 0 616 
0.424798 32.1178 0 556 
-3.45708 448.45 1 44 
-2.88205 433.757 0 150 
-0.318066 145.429 0 489 
-0.314949 145.173 0 821 
-0.591686 180.673 1 91 
1.83338 -174.147 1 122 
1.26503 -2.40355 0 441 
-0.343122 118.725 0 211 
0.255784 29.2554 0 964 
-0.298669 93.7542 0 924 
0.438533 57.8072 0 909 
0.240529 60.3004 1 767 
0.7256 6.1454 0 129 
0.22295 80.4271 0 664 
-0.0521569 118.957 1 652 
0.0815033 112.915 1 805 
-1.19287 238.261 0 1005 
-0.814109 226.961 1 351 
-0.147454 136.081 1 301 
0.411027 48.1342 0 852 
-0.194296 154.118 1 920 
0.31806 95.2931 0 591 
0.670882 68.0606 0 946 
0.592073 69.2207 0 948 
0.540676 76.2234 0 1014 
0.140843 180.339 0 769 
0.456308 139.863 0 979 
0.0319553 196.669 0 123 
1.24612 -48.2307 0 1015 
0.725058 27.5385 0 887 
0.422538 78.4816 0 920 
-0.0746276 140.276 1 337 
0.3745 77.6946 1 850 
0.358641 85.2819 1 881 
-0.322601 181.779 0 949 
0.0941266 109.504 1 960 
-0.634395 217.956 1 498 
-1.62114 401.714 1 818 
0.188783 161.253 0 764 
1.42823 -17.2553 0 3 
0.174521 79.7043 0 427 
0.221685 61.5731 0 160 
0.157708 52.9753 0 955 
0.489187 45.2327 0 877 
0.171603 72.5171 1 941 
-1.54996 299.149 0 319 
-0.537221 151.599 1 543 
-0.0692001 38.3971 1 583 
1.70224 -124.881 0 994 
-0.547498 184.633 0 789 
-1.35562 265.047 0 834 
0.883962 -0.474936 0 962 
0.250656 118.978 0 760 
-0.222294 164.808 0 283 
0.61804 59.0028 0 227 
-0.61993 152.62 0 727 
0.123276 35.5746 0 843 
0.16144 39.3309 1 843 
0.116626 37.9787 1 799 
0.603261 -62.3496 1 176 
-1.31137 241.384 1 65 
-0.39231 75.2647 0 190 
0.212282 30.0226 1 62 
0.252049 27.2019 0 620 
1.94309 -105.778 0 321 
-0.675983 188.215 1 145 
-1.15209 268.853 1 25 
-0.475534 145.911 0 424 
-6.1863 1000.89 0 475 
-2.44644 464.167 0 637 
-0.177661 70.6317 0 392 
0.0637094 31.271 1 798 
0.424485 20.0274 0 1023 
0.690091 17.8127 0 909 
-0.357735 146.466 0 596 
-0.647201 130.134 0 347 
1.05187 -3.89509 0 909 
0.63321 44.1958 0 974 
0.372988 99.8545 0 781 
0.0494422 112.243 0 563 
0.260334 83.2089 1 656 
-0.795324 197.248 0 72 
-0.099505 128.759 0 771 
0.449374 80.3732 0 6 
0.0538256 124.297 0 490 
0.0387249 130.463 1 788 
0.115283 133.598 0 705 
0.647579 72.6395 0 85 
0.634471 59.9764 0 884 
0.867151 14.2883 0 885 
0.118726 180.715 0 994 
-0.0352582 205.044 0 552 
0.194617 165.167 0 918 
0.584391 36.2022 1 155 
-1.76663 387.431 1 981 
-1.69719 382.592 1 916 
0.75619 29.9488 0 794 
0.472332 69.0293 0 920 
0.138661 100.343 1 58 
0.624707 16.5179 1 669 
-2.0442 522.829 1 733 
-1.03093 225.814 0 597 
0.179813 166.542 0 955 
-1.67065 270.772 0 909 
-0.507499 111.881 1 1003 
0.130674 54.5713 0 923 
-0.555945 119.206 0 990 
-0.142032 100.062 1 375 
-0.467146 177.71 0 281 
0.345167 52.7757 0 990 
-0.598969 122.222 0 1021 
-0.82085 99.2885 1 480 
0.852949 21.3648 0 864 
-0.280309 180.526 0 609 
0.720628 16.1312 0 833 
0.988395 -19.0504 0 994 
0.135881 132.368 0 834 
-0.0541853 160.324 0 522 
0.721461 50.1108 0 163 
-0.534434 154.556 1 560 
-0.79751 195.855 0 796 
0.11915 34.8572 0 377 
0.738638 -5.55522 0 957 
-0.346688 82.1934 0 645 
-0.186372 79.2347 0 360 
-1.13493 197.476 0 85 
-0.791544 142.774 1 89 
0.295874 17.8689 0 745 
0.389345 24 1 821 
0.57353 8.85112 0 211 
2.29241 -146.258 1 52 
-1.02398 173.472 0 549 
-3.0785 494.107 1 2 
-0.150979 66.7256 0 923 
-0.11488 48.9727 0 942 
0.388633 2.20402 1 984 
-0.39922 88.383 0 1022 
0.253339 61.7526 0 379 
0.448896 39.91 0 186 
0.491835 4.22429 1 375 
-0.487191 145.19 0 160 
0.102499 99.1189 0 474 
-0.251095 153.287 1 624 
-0.0566805 126.962 1 659 
0.103059 111.53 0 846 
0.865803 -56.2858 1 765 
-0.0388529 118.138 0 424 
0.14048 101.471 1 296 
-0.0734449 134.441 1 498 
-0.390292 185.84 1 624 
0.126009 127.522 0 960 
0.325387 99.7174 0 948 
0.572223 108.169 0 622 
0.628861 70.807 0 884 
0.240431 169.092 1 826 
0.0554392 191.805 0 25 
-0.0307953 209.262 0 951 
10.4102 -1318.5 1 477 
1.71616 -262.797 1 468 
0.45913 34.7423 0 952 
0.400661 42.1251 0 953 
-0.368325 106.364 1 832 
-2.67117 526.515 1 916 
0.891606 48.8536 0 751 
0.627601 79.5172 1 960 
-1.61773 269.401 0 959 
0.939501 61.8668 0 128 
-1.32491 200.286 0 909 
-0.897232 175.348 1 785 
-0.504145 109.431 1 957 
1.60324 -216.321 0 638 
0.0916929 76.4578 0 377 
0.124934 73.9926 0 347 
0.384795 36.3158 0 625 
-0.260347 80.5634 0 316 
-0.822732 116.797 1 959 
-1.58264 295.772 0 3 
0.148748 144.673 0 563 
-0.949156 255.92 0 627 
0.935758 -12.09 0 994 
0.442968 88.7401 0 386 
-0.0597758 163.115 0 865 
0.904459 53.8973 0 597 
-1.05922 176.996 0 129 
-0.105974 55.4187 0 711 
-0.274667 70.5921 1 910 
-0.860698 143.669 1 687 
-0.0868901 62.6374 0 91 
-0.183108 71.4408 0 861 
0.105811 49.394 0 250 
-0.153048 60.2087 1 222 
-0.0887072 58.613 0 244 
0.817089 -19.215 1 1016 
-1.87703 237.979 1 751 
-0.340081 153.389 1 788 
-4.43682 487.13 0 5 
-0.389447 73.9301 0 894 
0.372389 20.2962 1 844 
0.183488 14.6251 0 97 
0.294824 21.4703 0 347 
0.614347 25.2475 0 909 
0.0743271 82.9028 0 557 
0.592371 17.1221 0 218 
-1.05332 172.431 0 160 
-0.109965 117.341 0 932 
0.475179 94.5238 0 125 
0.118793 102.304 0 107 
1.33326 -142.272 1 671 
-0.0785721 126.465 0 740 
-0.305741 160.001 0 915 
-0.322808 176.633 0 242 
0.0405383 111.872 0 462 
0.11298 111.086 0 769 
-0.208678 142.727 1 718 
0.14504 123.129 0 718 
0.409251 73.3772 0 981 
0.20877 144.673 0 769 
0.710961 43.8388 0 949 
-0.0644787 197.072 0 469 
0.238994 153.52 0 1014 
0.44607 146.002 0 118 
0.741788 47.7058 0 886 
0.576028 30.2254 0 686 
0.593516 15.9858 0 825 
0.985672 -44.5362 0 825 
-0.454342 91.8743 0 751 
0.758551 -114.891 1 243 
1.95891 -190.868 0 700 
-0.863618 284.65 0 668 
1.6679 -62.795 0 642 
1.85983 -9.76702 0 1022 
0.496222 20.853 0 956 
0.089733 50.2037 0 986 
-0.513356 114.962 0 1022 
-0.404247 142.287 0 605 
0.508933 -28.7347 0 177 
-0.193442 106.057 0 218 
0.553801 40.1482 0 959 
0.808311 -63.7157 1 915 
1.3318 -47.9982 1 1018 
-0.840492 216.685 0 131 
0.745176 64.9377 0 162 
0.72908 33.6346 0 897 
-1.04357 232.538 0 163 
0.334351 119.884 0 622 
-0.482013 252.114 1 735 
-1.09076 209.918 0 673 
1.23605 -59.8254 0 246 
0.536116 20.2595 1 378 
0.23614 33.5824 0 473 
-0.149275 68.2832 0 961 
0.179437 37.0472 0 587 
-0.846428 157.739 0 660 
0.710556 19.6587 0 966 
0.212595 34.007 0 854 
-0.445459 105.891 1 497 
0.571054 29.8118 0 459 
-0.295967 96.8759 1 497 
0.621868 55.9157 0 838 
0.536635 23.1389 0 501 
-0.0565642 44.291 1 534 
0.443752 0.511966 1 895 
-0.233695 67.8068 0 515 
0.200359 40.4652 0 588 
-1.79873 227.669 1 958 
1.84375 -72.7839 1 989 
-0.947352 153.293 1 160 
0.728748 20.0082 0 911 
-0.117834 124.572 0 67 
0.300522 70.8188 1 754 
0.116015 104.981 1 329 
0.0329451 114.775 0 928 
0.781892 -34.5658 1 765 
0.514979 50.6521 0 21 
0.0870637 109.383 1 960 
-0.0715313 120.632 0 187 
-0.270199 135.31 1 292 
0.225977 103.046 0 180 
0.123753 119.527 0 183 
0.451212 84.4665 0 623 
0.373692 96.1022 0 818 
0.699774 58.645 0 948 
0.500075 100.177 0 916 
0.351223 129.775 0 1014 
0.0359847 195.604 0 563 
0.745448 49.9184 0 918 
0.327597 52.7626 0 212 
-1.4607 382.01 0 703 
-0.386921 152.284 0 499 
0.342103 46.7716 1 751 
0.231805 38.2018 1 832 
-1.85413 343.287 0 291 
0.492301 108.464 0 707 
1.551 5.91709 1 1022 
0.702679 21.515 0 187 
0.191376 34.3022 1 222 
-0.554778 139.436 0 128 
0.184729 55.8578 0 955 
0.14005 55.4623 1 987 
-0.469688 117.154 0 1022 
-0.30607 139.747 1 574 
-0.547085 100.691 0 940 
-0.554411 163.771 0 891 
1.72588 -236.609 0 981 
1.57876 -37.4904 0 180 
0.664477 68.7815 0 770 
2.2064 -173.169 0 596 
-0.927901 216.887 0 163 
0.32996 104.873 0 546 
-0.618709 243.43 0 697 
1.24202 -9.54925 1 689 
-0.48825 98.1934 0 505 
-0.284456 94.1911 1 404 
0.189231 37.5516 0 600 
0.162041 30.8394 1 841 
0.301192 22.0879 0 951 
-1.05759 188.372 1 689 
-0.790555 116.709 0 846 
0.504157 2.18031 0 91 
-1.30032 248.902 0 835 
-1.14879 275.818 0 58 
0.637726 -19.2168 0 277 
3.03386 -312.515 0 194 
0.336092 44.3579 0 854 
-0.147951 66.6735 0 767 
-0.16575 57.743 1 744 
0.211541 26.5657 1 528 
-0.286164 98.9244 1 955 
0.447517 23.2724 1 632 
0.665568 32.9562 1 909 
0.409542 32.5062 0 575 
0.446479 22.9388 0 144 
0.142414 93.756 0 20 
0.0519832 102.617 1 211 
0.712605 19.4617 0 24 
-0.435999 177.551 1 0 
-0.0749938 132.214 0 392 
0.698925 40.098 1 153 
-0.621538 194.735 0 976 
-0.196749 145.56 0 591 
-0.366458 180.688 0 402 
0.0767914 114.168 0 999 
-0.198023 152.619 0 328 
0.3819 65.3826 0 1014 
0.508799 83.8453 0 623 
-0.0815433 170.807 0 897 
0.455153 98.3088 0 981 
0.552279 133.764 0 719 
0.445867 112.881 0 982 
-0.30799 246.211 1 476 
0.898508 2.94338 0 951 
0.481707 26.5596 1 825 
-0.0669478 98.34 1 437 
0.302722 65.6872 0 985 
0.79117 -46.8404 1 884 
-1.96625 358.296 0 657 
-1.8553 267.985 1 909 
-1.5796 291.176 1 538 
0.474306 -4.13894 1 818 
0.643414 31.8467 1 1023 
2.01629 0.862994 1 188 
-2.42158 532.744 0 342 
-0.588918 140.791 0 128 
1.90649 -266.99 1 342 
1.51195 -98.2296 0 731 
-0.634172 163.264 1 575 
-0.351474 76.6935 0 988 
0.430383 -5.26469 0 785 
1.38507 -49.8483 0 385 
0.87907 97.0654 1 783 
-0.919411 293.331 0 90 
-0.801618 203.571 0 163 
0.499737 80.6203 0 482 
-0.742125 262.744 1 539 
1.46888 -57.3242 0 3 
-1.81158 404.94 0 702 
0.297137 8.76642 1 922 
0.793049 -113.673 0 281 
-0.997667 163.457 0 44 
-1.46152 216.515 1 792 
-0.498883 117.255 0 833 
0.894569 -46.0843 1 78 
-0.622298 155.958 1 905 
2.47686 -207.987 1 792 
0.487422 13.1891 0 469 
-0.561447 123.952 0 437 
0.423225 35.6835 1 529 
0.308412 46.1848 0 124 
-0.532301 96.2509 0 626 
-0.177475 60.9841 1 723 
0.729424 18.3712 0 1003 
1.81009 -263.386 1 342 
0.635519 -27.9331 1 701 
-0.142762 109.655 1 822 
0.0338367 97.7909 0 424 
0.688054 -26.764 0 311 
-0.0580864 114.254 1 558 
0.75624 28.9562 1 48 
-0.0851335 129.963 0 918 
-0.24316 146.52 1 785 
-0.520058 179.485 0 978 
-0.0510695 125.518 0 967 
0.33016 65.6782 1 143 
-0.192491 133.866 0 779 
-0.143462 142.987 1 707 
-0.64735 164.427 1 640 
0.0946008 121.422 0 617 
-0.179254 158.632 0 835 
0.378902 74.1643 0 949 
-0.214412 184.457 0 419 
-0.0800803 178.629 0 469 
0.558793 85.2274 0 884 
0.952362 3.41155 0 950 
-0.191818 233.998 1 819 
1.01556 -14.9416 0 983 
0.652661 -40.9062 0 949 
-1.8866 368.514 0 413 
0.153235 89.8152 0 783 
-0.859052 173.719 0 166 
-0.566604 139.957 0 4 
0.472824 40.9508 0 1018 
0.458512 23.4894 1 818 
-0.115262 89.2176 0 986 
-0.146257 99.3655 1 558 
-0.390541 101.291 0 783 
0.512941 41.5732 1 315 
0.85329 21.5567 0 909 
-0.290006 136.928 1 658 
0.574211 29.156 0 1022 
-0.0872179 66.3354 0 279 
-0.165005 73.7723 1 955 
0.161824 27.5683 1 487 
1.62689 -84.0598 0 385 
0.497187 125.378 0 887 
1.25113 24.0823 1 689 
-0.761703 200.663 0 163 
0.216126 123.571 0 930 
0.2247 133.831 0 816 
-1.24111 300.349 0 668 
-0.315456 86.1132 0 887 
-1.08259 255.203 0 891 
0.544896 30.5635 0 725 
0.862488 -58.1473 0 194 
1.23404 -2.9046 0 782 
-1.27866 188.47 0 910 
0.465357 31.2021 0 502 
0.41273 48.2489 0 843 
-0.545688 139.047 1 529 
0.591902 24.171 0 663 
-0.243611 97.9596 0 91 
0.39736 36.8461 0 970 
0.9989 -60.7004 1 707 
-0.435585 119.204 1 821 
-0.459031 97.5026 1 160 
0.249017 39.6665 0 700 
-1.28371 273.353 1 507 
-0.076838 104.829 0 396 
0.0505369 95.8409 0 295 
-0.0347854 106.042 0 489 
-0.124142 123.592 1 301 
0.0712711 102.249 0 938 
0.126224 98.276 1 827 
0.0395731 106.629 0 842 
-0.0374363 118.903 0 529 
-0.0427154 121.492 0 582 
0.0584849 118.653 0 398 
-0.290907 177.597 1 241 
0.108934 116.846 0 726 
0.0192189 124.49 0 821 
0.308252 90.9164 1 687 
0.164938 112.146 0 590 
-0.0772453 139.747 0 870 
0.108499 129.886 0 962 
0.451613 73.6054 0 981 
0.357071 124.776 0 20 
0.876911 6.19025 0 885 
0.154673 178.69 0 751 
0.140368 178.964 0 770 
2.95688 -184.601 1 920 
-1.21857 222.661 1 720 
-1.66635 303.548 1 118 
0.110521 82.2304 1 145 
0.341055 58.3399 1 591 
0.754099 31.7686 1 70 
-0.407578 132.742 1 959 
0.224042 56.0923 0 892 
-0.793651 153.116 0 1018 
-0.0937556 86.27 0 376 
-0.664354 199.235 0 820 
0.849955 32.7023 0 1003 
0.38301 78.7194 0 990 
0.690382 31.0743 0 1022 
-1.35583 172.051 0 1004 
-0.364989 96.6219 0 128 
-0.484749 115.925 1 160 
