6  8  8  255
-1007.1
763.94
80.391
-25.812
123.88
134.92
-938.81
706.48
-877.22
718.86
-402.91
558.2
-636.7
549.52
-1070.5
915.22
-665.94
720.89
-1168.2
1173.1
-1844
851.28
-696.97
877.11
314.28
696.86
-642.06
862.95
-1782.3
816.52
-704.08
359.75
977.95
205.91
-1414.2
1100.6
-1053.3
2019.9
-226.25
359.3
1014
-702.42
-947.69
-47.422
-305.5
553.5
50.922
-347.7
723.08
-776.14
121.36
-193.92
-24.953
85.828
-247.19
-509.77
-68.031
533.36
-520.31
179.2
-46.781
322.97
536.61
-12.719
2 8 8
8.83889 0 3 
0.234047 0 1 
-1.14075 0 3 
0.0727981 0 49 
0.0581377 0 2 
-1.31887 0 2 
0.182254 0 0 
-0.173451 0 0 
-1.46025 0 5 
2.6345 0 2 
1.22045 0 4 
-0.13165 0 0 
-0.0602035 0 35 
-0.0356161 0 0 
0.159385 0 0 
1.19875 0 4 
0.0657829 0 0 
-0.181299 0 0 
0.957994 0 10 
-0.359036 0 0 
0.0858837 0 0 
0.427573 0 1 
0.145932 0 0 
-0.202245 0 0 
-0.0368337 0 0 
-0.118542 0 0 
0.139882 0 0 
-0.132055 0 0 
-0.00640155 0 0 
-0.397979 0 0 
0.18963 0 0 
1.20698 0 2 
0.30051 0 9 
-0.461179 0 10 
0.430502 0 0 
-0.0436352 0 0 
0.213405 0 0 
-0.568097 0 0 
0.121994 0 0 
0.480382 0 46 
-0.377585 0 0 
0.0798803 0 0 
0.292548 0 0 
-0.00961146 0 0 
-0.10783 0 0 
-0.114111 0 0 
-0.00583092 0 8 
0.0394459 0 0 
-0.190452 0 0 
0.0754568 0 0 
0.142978 0 1 
-0.069001 0 0 
-0.000938661 0 0 
-0.0206581 0 0 
-0.790858 0 5 
0.0238848 0 0 
-0.0210845 0 0 
-0.233939 0 10 
0.208411 0 0 
-0.0868913 0 0 
0.047816 0 0 
-0.0699558 0 0 
-0.109945 0 0 
0.038351 0 0 
4 8 8
0.19546 0 18 
-0.21872 0 36 
-0.400822 0 55 
-0.708142 0 56 
-0.809214 0 51 
-0.914672 0 47 
0.167658 0 6 
-0.621466 0 47 
0.69493 0 63 
0.498252 0 51 
0.654249 0 47 
-0.322072 0 41 
0.816147 0 5 
0.225911 0 13 
0.307774 0 8 
0.182278 0 21 
-0.227355 0 51 
0.551509 0 15 
0.341702 0 36 
-0.171647 0 18 
-0.319151 0 46 
0.130606 0 29 
-0.197503 0 33 
-0.291629 0 26 
-1.79715 0 52 
0.258577 0 55 
-0.215698 0 45 
-0.513214 0 46 
0.072188 0 10 
-0.956613 0 5 
0.244215 0 30 
0.430312 0 31 
0.0836072 0 37 
0.286291 0 33 
0.632492 0 0 
-0.652774 0 38 
0.670729 0 63 
0.762309 0 15 
0.145124 0 54 
0.0498083 0 21 
0.438054 0 7 
-0.548079 0 5 
-0.391818 0 59 
0.0836397 0 10 
-0.82302 0 56 
0.29398 0 51 
-0.116807 0 5 
-0.0532817 0 41 
0.319215 0 48 
-0.239759 0 43 
0.141029 0 50 
0.119291 0 6 
0.0638574 0 45 
-0.125541 0 11 
0.252097 0 4 
0.173272 0 5 
-0.0478862 0 42 
0.536979 0 57 
0.180943 0 36 
0.362021 0 59 
0.160814 0 6 
0.127851 0 29 
-0.326248 0 22 
0.326762 0 16 
8 8 8
0.472956 0 52 
-0.428074 0 60 
0.294786 0 31 
0.131558 0 3 
0.393935 0 46 
0.212969 0 22 
-0.234927 0 9 
0.259302 0 31 
-0.206561 0 62 
-0.321109 0 43 
0.200592 0 10 
0.15844 0 11 
0.227139 0 12 
0.187401 0 13 
0.054347 0 4 
-0.217636 0 51 
0.113972 0 42 
0.137618 0 17 
0.237958 0 18 
0.260061 0 19 
0.268067 0 20 
0.24013 0 21 
0.202165 0 60 
0.176868 0 48 
0.157354 0 24 
-0.252814 0 41 
0.111964 0 26 
0.275785 0 27 
0.176336 0 28 
0.19408 0 29 
0.290523 0 30 
-0.132036 0 32 
0.319869 0 32 
0.164474 0 33 
0.218684 0 34 
0.163952 0 35 
0.176604 0 36 
0.210719 0 37 
0.215522 0 38 
-0.0681981 0 8 
0.169688 0 40 
0.237057 0 41 
-0.17338 0 48 
0.196531 0 43 
0.132462 0 3 
0.209646 0 59 
0.0564587 0 18 
0.0679555 0 20 
0.286097 0 48 
0.0974266 0 12 
0.183713 0 57 
0.177452 0 28 
-0.0343305 0 4 
0.116064 0 4 
-0.0962269 0 27 
0.128428 0 28 
0.302573 0 56 
0.129477 0 27 
0.196515 0 8 
-0.107479 0 42 
-0.212181 0 38 
-0.0901869 0 34 
0.353978 0 46 
0.286133 0 46 
16 8 8
0.131372 0 18 
0.154957 0 1 
0.227674 0 2 
0.224889 0 3 
0.129246 0 4 
0.134965 0 5 
0.0817469 0 6 
0.146521 0 7 
0.196604 0 8 
0.10333 0 9 
0.23313 0 10 
0.144748 0 11 
0.17158 0 12 
0.199687 0 13 
0.217202 0 14 
0.153271 0 15 
0.116692 0 16 
0.086726 0 17 
0.164064 0 18 
0.12124 0 19 
0.31728 0 20 
0.209493 0 21 
0.133006 0 22 
0.162679 0 23 
0.160055 0 24 
0.169458 0 25 
0.141427 0 26 
0.169786 0 27 
0.251709 0 28 
0.193015 0 29 
0.116307 0 30 
0.125256 0 31 
0.149091 0 32 
0.151777 0 33 
0.20385 0 34 
0.198385 0 35 
0.152833 0 36 
0.190206 0 37 
0.131275 0 38 
0.167523 0 39 
0.200082 0 40 
0.14181 0 41 
0.158321 0 42 
0.193299 0 43 
0.190872 0 44 
0.128733 0 45 
0.147676 0 46 
0.158097 0 47 
0.12831 0 48 
0.0522668 0 34 
0.0716838 0 6 
-0.174152 0 52 
0.182142 0 52 
0.133448 0 2 
0.206627 0 54 
0.159362 0 55 
0.173654 0 56 
0.13102 0 57 
-0.0980422 0 51 
0.0641021 0 11 
0.190238 0 35 
0.133538 0 61 
0.129845 0 62 
0.129916 0 63 
32 8 8
0.150878 0 0 
0.122332 0 1 
0.0979435 0 2 
0.125918 0 3 
0.117106 0 4 
0.115668 0 5 
0.147506 0 6 
0.168811 0 7 
0.171525 0 8 
0.142865 0 9 
0.09847 0 10 
0.162266 0 11 
0.146372 0 12 
0.12793 0 13 
0.163437 0 14 
0.170076 0 15 
0.176006 0 16 
0.196394 0 17 
0.184715 0 18 
0.229207 0 19 
0.207405 0 20 
0.176695 0 21 
0.150911 0 22 
0.168934 0 23 
0.193967 0 24 
0.187669 0 25 
0.193178 0 26 
0.204127 0 27 
0.180643 0 28 
0.206281 0 29 
0.16718 0 30 
0.20014 0 31 
0.192005 0 32 
0.215867 0 33 
0.197187 0 34 
0.205885 0 35 
0.213221 0 36 
0.193675 0 37 
0.186219 0 38 
0.162321 0 39 
0.184421 0 40 
0.203993 0 41 
0.192848 0 42 
0.191537 0 43 
0.197677 0 44 
0.18135 0 45 
0.161507 0 46 
0.177259 0 47 
0.151364 0 48 
0.163962 0 49 
0.128178 0 50 
0.117253 0 51 
0.141402 0 52 
0.15241 0 53 
0.160081 0 54 
0.0906444 0 55 
0.178805 0 56 
0.148362 0 57 
0.125897 0 58 
0.108281 0 59 
0.109979 0 60 
0.137 0 61 
0.122079 0 62 
0.163548 0 63 
