6  8  8  255
-36.578
31.844
50.703
243.77
-151.78
109.23
643.53
-137.48
276.8
41.578
126.94
40.75
1144.2
-578.88
-1242
835.66
12.406
35.797
-279.2
-425.42
706.42
-447.55
1692.2
-511.05
86.234
28.703
-140.06
1223.7
-78.375
-744.37
319.12
11.625
209.17
-327.06
361.83
-298.34
-577.94
-348.88
-498.12
494.5
78.938
106.91
-1084.1
-312.98
-96.969
544.69
-138.16
-354.75
-267.56
-8.7812
651.22
162.09
-87.984
-693.06
466.86
773.88
-335.39
309.48
-13.172
-128.86
-150.64
690.06
-726.59
37.344
2 8 8
1.30694 0 0 
-0.176849 0 0 
-0.15442 0 0 
1.10554 0 2 
-2.07017 0 1 
-0.567921 0 0 
0.480528 0 0 
-0.387759 0 3 
-1.99213 0 0 
-0.40944 0 0 
1.53866 0 0 
-1.31904 0 0 
2.95241 0 0 
-5.06174 0 1 
1.60103 0 0 
2.50016 0 2 
0.0490665 0 1 
-0.494874 0 0 
0.694364 0 0 
-0.112991 0 0 
-3.08133 0 16 
1.21296 0 0 
0.10997 0 0 
2.84087 0 0 
0.0920533 0 0 
0.00704864 0 0 
1.31652 0 0 
0.977141 0 0 
1.88638 0 0 
2.65269 0 0 
0.249446 0 0 
0.534385 0 0 
0.352627 0 0 
3.20162 0 0 
-0.908135 0 17 
-4.21535 0 0 
-1.3297 0 1 
1.3063 0 0 
-0.259279 0 0 
-2.70187 0 0 
1.0037 0 2 
-0.263991 0 0 
3.41052 0 0 
-0.203975 0 0 
2.46609 0 0 
-0.381202 0 4 
1.16876 0 0 
1.16017 0 0 
2.16876 0 0 
2.30077 0 0 
0.0605057 0 6 
-0.0129564 0 7 
-0.359451 0 0 
3.48187 0 0 
-1.45471 0 0 
1.95564 0 2 
4.68032 0 1 
-0.745188 0 0 
-1.15144 0 0 
0.599958 0 0 
0.177487 0 0 
-1.72018 0 0 
-1.33789 0 0 
-3.18545 0 0 
4 8 8
-0.0216854 0 55 
0.313682 0 2 
0.217099 0 9 
-0.439875 0 31 
-0.0327914 0 26 
0.0123459 0 21 
1.06891 0 9 
0.269692 0 7 
0.0679811 0 8 
0.0883594 0 61 
-0.0470346 0 39 
-0.294788 0 25 
0.702166 0 25 
0.206189 0 61 
-0.29861 0 39 
-0.197671 0 54 
0.0224835 0 4 
-0.209339 0 31 
-0.0817584 0 14 
-3.10734 0 2 
0.142333 0 11 
0.118734 0 52 
-9.47294 0 2 
0.00609635 0 21 
0.0688863 0 41 
0.0854804 0 14 
-0.285388 0 10 
-0.467997 0 51 
-0.136266 0 27 
0.11549 0 44 
0.422292 0 40 
0.0459164 0 47 
-0.220494 0 1 
-0.41436 0 18 
-0.482964 0 10 
0.125342 0 35 
-0.319536 0 8 
0.0631837 0 6 
0.0625057 0 23 
0.0703962 0 39 
2.47422 0 16 
0.29384 0 11 
0.136201 0 21 
0.255609 0 8 
0.260783 0 26 
0.181343 0 39 
0.0552501 0 23 
-0.150492 0 54 
0.0554086 0 55 
1.65479 0 24 
4.38014 0 2 
0.0694452 0 49 
-0.110811 0 12 
0.131107 0 53 
-0.133317 0 49 
-0.227857 0 8 
-0.0891504 0 38 
-0.182156 0 38 
0.118915 0 58 
0.168058 0 18 
0.0300309 0 34 
0.426583 0 25 
0.102109 0 62 
0.449139 0 40 
8 8 8
0.0159982 0 27 
-0.0204121 0 50 
0.155345 0 9 
-0.274595 0 31 
-0.107088 0 51 
-0.011964 0 43 
0.0893901 0 6 
0.100948 0 7 
0.100336 0 8 
0.246454 0 9 
0.112598 0 10 
-0.270309 0 0 
-0.0691286 0 33 
-0.116063 0 57 
1.2593 0 1 
0.137689 0 43 
0.0136586 0 20 
0.113819 0 25 
0.0325687 0 35 
0.134196 0 48 
0.120192 0 11 
0.153722 0 61 
0.198297 0 45 
0.0421223 0 37 
-0.0270053 0 56 
0.0811341 0 25 
0.405589 0 0 
-0.179562 0 6 
0.166945 0 37 
0.0706686 0 27 
0.092308 0 43 
-0.0563856 0 9 
0.0418882 0 56 
-0.10016 0 15 
0.138923 0 58 
0.118343 0 7 
0.132571 0 36 
-0.253845 0 8 
-0.0445132 0 58 
0.093887 0 39 
-0.0169017 0 49 
0.126053 0 52 
0.109794 0 42 
0.0525027 0 56 
-0.118068 0 57 
-0.130771 0 10 
-0.0575511 0 43 
-0.217727 0 9 
-0.100806 0 23 
0.119141 0 43 
0.151012 0 12 
0.0243971 0 22 
0.0326173 0 58 
-0.0565671 0 6 
-0.0432886 0 6 
-0.122354 0 44 
-0.163311 0 9 
-0.159494 0 3 
0.544956 0 0 
0.0176959 0 35 
-0.0405332 0 19 
0.126607 0 61 
0.0869849 0 62 
0.0758189 0 63 
16 8 8
0.105747 0 0 
-0.00898679 0 35 
0.0318358 0 4 
0.0251273 0 28 
0.056401 0 4 
-0.0342615 0 3 
0.0760657 0 6 
-0.0235904 0 53 
0.0602889 0 8 
0.0471218 0 25 
-0.0317773 0 29 
0.123865 0 38 
0.101761 0 12 
0.0827881 0 13 
0.105482 0 14 
0.0593213 0 15 
0.0236016 0 44 
0.342731 0 9 
-0.0518957 0 41 
-0.385888 0 47 
0.0565617 0 20 
0.0572635 0 21 
0.0930645 0 22 
0.0789629 0 23 
-0.040136 0 56 
0.0467446 0 25 
-0.0670076 0 15 
0.0534592 0 53 
0.0528361 0 63 
0.0442623 0 29 
0.141207 0 30 
-0.0135858 0 19 
0.00584849 0 42 
-0.0724989 0 15 
0.122587 0 10 
-0.633017 0 60 
0.0382059 0 37 
0.0452791 0 37 
0.066513 0 38 
0.0737194 0 39 
-0.0950772 0 60 
-0.123532 0 44 
0.0472871 0 42 
0.0885892 0 43 
0.0450089 0 17 
0.0564613 0 23 
0.0882149 0 46 
0.0577148 0 47 
0.0544208 0 48 
0.180624 0 10 
0.0566672 0 50 
0.0409862 0 11 
0.122479 0 52 
0.06001 0 53 
0.102202 0 54 
0.0704888 0 55 
0.0233736 0 6 
0.141807 0 47 
0.0598637 0 33 
0.0886244 0 59 
0.0187543 0 62 
0.0566168 0 61 
0.0868431 0 62 
0.083441 0 63 
32 8 8
0.05002 0 16 
-0.0402084 0 38 
0.0105648 0 35 
0.0122164 0 33 
0.0622705 0 4 
-0.0366945 0 25 
0.0951299 0 6 
0.0633858 0 7 
0.00676299 0 58 
-0.092651 0 47 
0.0528063 0 10 
0.0441009 0 11 
0.0859764 0 12 
0.0841344 0 13 
0.0620019 0 14 
0.0877445 0 15 
-0.0325651 0 59 
0.0321413 0 17 
-0.0463946 0 30 
0.0569167 0 19 
0.062768 0 20 
0.0589564 0 21 
0.0640718 0 22 
0.0899069 0 23 
-0.00900469 0 35 
0.0489217 0 25 
0.0560658 0 26 
0.0494907 0 27 
0.0808796 0 28 
0.0688072 0 29 
0.0618897 0 30 
0.0211979 0 25 
0.0404648 0 38 
0.0451105 0 33 
0.0796964 0 34 
0.0677807 0 35 
0.0613845 0 36 
-0.0561087 0 7 
0.0734261 0 24 
0.0616285 0 39 
-0.0161956 0 26 
0.0593035 0 41 
0.0560626 0 42 
-0.0875672 0 5 
0.0371859 0 44 
0.0375987 0 45 
0.0759539 0 46 
-0.024466 0 17 
0.0392179 0 48 
0.0707745 0 49 
0.0630542 0 50 
-0.00896474 0 58 
0.0825472 0 52 
0.07865 0 53 
0.0621043 0 32 
0.093603 0 55 
0.0184028 0 14 
0.0167755 0 49 
0.036463 0 58 
0.0542086 0 59 
-0.0101454 0 42 
0.0349714 0 61 
0.0664122 0 62 
-0.079869 0 46 
