6  8  8  255
-28.031
-30.234
-45.328
151.92
100.09
109.27
32.469
-169.2
-68.047
-50.25
6.3906
-192.28
-24.484
-246.41
-185.72
55.359
60.375
-32.594
62.797
88.094
-116.39
-219.34
-37.391
114.2
157.3
-362.13
143.03
-32.125
240
248.84
62.922
227.36
163.12
153.28
440.56
323.19
-470.08
21.234
-384.91
-366.11
-45.375
-1130.4
-536.44
-1127.1
-138.16
147.83
980.67
-471.38
39.094
-251.61
-803.56
142.41
142.5
156.7
-215.91
-14.125
34.516
72.859
32.156
136.39
-49.516
-66.984
40.859
-280.59
2 8 8
-0.0844181 0 23 
-0.14744 0 0 
0.0409689 0 0 
0.846762 0 1 
0.0295476 0 0 
-0.0395333 0 1 
0.188407 0 0 
0.74601 0 1 
0.401068 0 0 
-0.725197 0 0 
0.314103 0 0 
0.720254 0 3 
0.829153 0 0 
-3.42927 0 0 
-0.120398 0 0 
-0.00915772 0 0 
0.00252302 0 43 
-0.967137 0 0 
0.0432004 0 0 
-0.992718 0 0 
0.722664 0 0 
0.973226 0 0 
-1.30208 0 1 
1.93512 0 0 
0.153014 0 0 
0.528433 0 0 
-0.469908 0 0 
5.8766 0 1 
-1.81827 0 0 
-1.78483 0 0 
-1.32911 0 0 
5.96523 0 0 
5.57197 0 0 
-3.04908 0 0 
12.5503 0 10 
-1.73032 0 0 
2.79128 0 0 
-0.568246 0 0 
-4.10372 0 0 
-2.81521 0 0 
0.693964 0 0 
0.848115 0 0 
5.23029 0 0 
-4.16002 0 0 
1.7625 0 2 
-1.40239 0 15 
0.314652 0 0 
0.281474 0 0 
2.69397 0 0 
1.59411 0 2 
2.22995 0 2 
-1.01001 0 0 
-0.612047 0 0 
-0.513108 0 0 
-5.88578 0 0 
0.179967 0 12 
3.3911 0 0 
-0.179073 0 2 
-1.08199 0 0 
-1.42282 0 0 
0.343089 0 0 
-1.08226 0 0 
0.775632 0 0 
0.134879 0 25 
4 8 8
0.0667619 0 60 
-0.00658615 0 20 
0.00300579 0 32 
-0.201708 0 12 
0.0152901 0 54 
0.1307 0 52 
0.0473579 0 10 
0.0509645 0 13 
0.0612182 0 24 
-0.621188 0 0 
0.00344538 0 35 
0.574344 0 60 
0.126584 0 22 
-0.264342 0 41 
-0.316129 0 51 
-0.61027 0 53 
0.0378061 0 3 
-0.23497 0 41 
-0.293576 0 8 
0.136671 0 13 
-0.266829 0 3 
-0.182391 0 43 
-0.783725 0 8 
-0.486237 0 26 
0.580923 0 4 
-0.297887 0 63 
-0.20899 0 62 
-0.818081 0 14 
-0.866877 0 62 
-1.54458 0 0 
0.444199 0 61 
-0.0967111 0 48 
0.0607951 0 58 
-0.111575 0 44 
-0.129298 0 36 
0.952682 0 52 
-1.77904 0 14 
0.757134 0 60 
-0.0790515 0 40 
-1.75311 0 24 
-0.717374 0 53 
-0.0739962 0 47 
0.350228 0 20 
-0.245605 0 37 
0.0809761 0 40 
-0.17431 0 26 
0.123137 0 40 
0.628769 0 53 
0.104165 0 48 
-0.874285 0 9 
-0.0426132 0 40 
-0.0718827 0 60 
0.052494 0 58 
-1.3717 0 18 
-0.163667 0 33 
0.318866 0 16 
-0.495786 0 62 
0.0573674 0 21 
-0.0919804 0 3 
-0.0606283 0 40 
0.342118 0 51 
0.154427 0 3 
0.406227 0 22 
0.0879957 0 42 
8 8 8
0.0262283 0 58 
0.0254179 0 57 
-0.101516 0 0 
0.0307716 0 37 
-0.0126645 0 23 
-0.00787875 0 20 
-0.0233656 0 7 
-0.0472849 0 37 
0.193411 0 8 
-0.0462411 0 20 
-0.00976676 0 60 
0.153066 0 37 
0.0939204 0 23 
-0.235283 0 37 
0.321661 0 51 
-0.286702 0 18 
-0.152932 0 0 
-0.15921 0 15 
-0.023713 0 39 
-0.488237 0 18 
-1.26366 0 3 
-0.127862 0 41 
-0.197398 0 22 
-7.28628 0 1 
0.334295 0 16 
-0.0604295 0 49 
0.0873993 0 47 
-0.267393 0 56 
-0.0891259 0 46 
-0.128403 0 33 
-0.213458 0 36 
-0.290948 0 12 
-0.117759 0 23 
2.68744 0 0 
0.61985 0 16 
-0.63756 0 51 
-2.68345 0 2 
-0.153409 0 30 
0.268763 0 14 
-0.0902663 0 35 
-0.234865 0 15 
0.161421 0 11 
0.373014 0 32 
-0.0617576 0 49 
0.114571 0 14 
0.164301 0 45 
0.0635015 0 46 
0.213461 0 44 
0.128428 0 48 
0.241363 0 20 
1.10107 0 16 
-0.0951455 0 14 
-0.0104719 0 21 
-0.0831503 0 13 
-2.18455 0 8 
0.193578 0 8 
0.12623 0 12 
-0.26435 0 26 
-0.236113 0 51 
-0.0826012 0 14 
0.0581237 0 46 
0.298113 0 24 
-0.0655316 0 39 
0.0770648 0 37 
16 8 8
0.00808298 0 12 
0.0186428 0 24 
-0.01913 0 24 
0.125572 0 3 
-0.0443899 0 12 
-0.00869119 0 50 
-0.099595 0 16 
0.084386 0 7 
0.0120362 0 36 
0.0889253 0 9 
-0.00572123 0 28 
-0.511087 0 6 
0.631661 0 55 
0.0618688 0 13 
0.0573652 0 14 
0.302337 0 52 
0.121535 0 0 
0.0817988 0 15 
-0.173856 0 0 
0.109573 0 15 
-0.366517 0 9 
-0.0621744 0 46 
0.0698321 0 50 
0.0505076 0 23 
0.0851024 0 18 
0.0607154 0 53 
0.146567 0 3 
0.461852 0 16 
0.234252 0 51 
0.204841 0 24 
-0.313229 0 4 
0.0404223 0 31 
-0.072323 0 12 
-0.155483 0 24 
-0.100824 0 60 
-0.0490153 0 14 
-0.447932 0 0 
-0.12839 0 13 
-0.0378021 0 31 
-0.300875 0 18 
-0.0389684 0 38 
-0.062473 0 43 
0.0581821 0 42 
0.115407 0 51 
0.251505 0 51 
0.064266 0 45 
1.0819 0 55 
-0.299251 0 52 
0.0879838 0 48 
0.0658433 0 49 
0.067805 0 50 
0.0722225 0 51 
-0.00526628 0 23 
0.0506206 0 53 
-0.059717 0 43 
0.171311 0 55 
0.0352968 0 38 
-0.0800726 0 57 
-0.046818 0 14 
0.027599 0 28 
0.0710844 0 60 
-0.0389118 0 20 
0.0314495 0 34 
0.206572 0 3 
32 8 8
0.00959752 0 62 
0.00750064 0 30 
-0.0133974 0 59 
0.039757 0 3 
-0.0338427 0 4 
0.0745362 0 5 
0.010708 0 32 
0.0111806 0 13 
0.00616444 0 39 
-0.0191721 0 25 
-0.0425504 0 18 
-0.0175403 0 21 
0.0293365 0 12 
0.0819327 0 13 
0.0601488 0 14 
0.0156062 0 19 
-0.0756917 0 10 
0.044765 0 17 
0.0104826 0 31 
0.0314601 0 19 
0.0398294 0 20 
0.0511765 0 21 
0.045858 0 22 
0.0835829 0 23 
0.00986688 0 30 
0.0616626 0 25 
0.0846174 0 7 
0.0779557 0 27 
0.0632988 0 28 
-0.0233516 0 23 
0.0604397 0 30 
0.0613599 0 31 
-0.0206001 0 61 
0.0664524 0 33 
0.0508279 0 14 
0.0479658 0 35 
0.0439503 0 36 
0.043258 0 37 
0.0474863 0 38 
0.038984 0 39 
0.0446796 0 40 
0.0529722 0 41 
0.0589115 0 42 
0.0532126 0 43 
0.0476331 0 44 
0.180767 0 0 
0.0351906 0 46 
0.0453706 0 47 
0.0525395 0 48 
0.056964 0 49 
0.0561852 0 50 
0.0713187 0 51 
-0.0122464 0 23 
0.0509061 0 53 
0.0173055 0 39 
-0.0304796 0 4 
0.051069 0 56 
0.0241852 0 57 
0.0349111 0 27 
0.0320915 0 59 
0.044924 0 60 
0.0487818 0 61 
0.0529759 0 62 
0.0539785 0 63 
