6  4  4  255
8417
7339.1
5859.3
5656.2
9613.8
9346.4
5052.9
6759.3
11077
8318.3
4357.6
6903.5
10710
8075.3
5931.2
8247.5
2 4 4
0.5 0 0 
0.435969 0 0 
0.273543 0 12 
0.335999 0 0 
0.571091 0 0 
0.63675 0 1 
0.30016 0 0 
0.40153 0 0 
0.658011 0 0 
0.494137 0 0 
0.258854 0 0 
0.410096 0 0 
0.636195 0 0 
0.550156 0 1 
0.352338 0 0 
0.489928 0 0 
4 4 4
0.500005 0 0 
0.500003 0 1 
0.499998 0 2 
0.500002 0 3 
0.5 0 4 
0.500002 0 5 
0.500005 0 6 
0.499997 0 7 
0.500002 0 8 
0.5 0 9 
0.500003 0 10 
0.499999 0 11 
0.500001 0 12 
0.500003 0 13 
0.499997 0 14 
0.500002 0 15 
8 4 4
0.5 0 0 
0.5 0 1 
0.500003 0 2 
0.500001 0 3 
0.500002 0 4 
0.500002 0 5 
0.500001 0 6 
0.500002 0 7 
0.500003 0 8 
0.500006 0 9 
0.5 0 10 
0.500001 0 11 
0.500005 0 12 
0.500002 0 13 
0.500005 0 14 
0.499999 0 15 
16 4 4
0.499997 0 0 
0.499996 0 1 
0.499997 0 2 
0.499998 0 3 
0.499998 0 4 
0.499996 0 5 
0.499995 0 6 
0.499999 0 7 
0.499996 0 8 
0.499995 0 9 
0.499998 0 10 
0.499997 0 11 
0.499994 0 12 
0.499995 0 13 
0.499994 0 14 
0.5 0 15 
32 4 4
0.5 0 0 
0.5 0 1 
0.5 0 2 
0.5 0 3 
0.5 0 4 
0.5 0 5 
0.5 0 6 
0.5 0 7 
0.5 0 8 
0.5 0 9 
0.5 0 10 
0.5 0 11 
0.5 0 12 
0.5 0 13 
0.5 0 14 
0.5 0 15 
