6  8  8  255
-440.58
916
1109.5
927.28
1108
682.14
545.84
9.5156
122.56
-39.422
-308.66
-1162
-1279.5
-329.58
-87.438
-197.78
307
59.828
-599.78
-69.328
-69.297
-525.28
-242.16
369.52
70.25
1257
51.188
30.734
33.672
182.36
505.39
535.16
-122.95
-29.969
817.69
122.92
320.78
631.91
203.88
-16.672
-334.66
-1620.2
108.59
-20.641
276.59
-9.6875
-788.73
-310.61
-53.859
27.641
-1106.8
131.48
20.734
-877.36
-315.25
-103.92
431.16
582.2
212.44
-185.3
-59.594
-559.56
1131.8
703.72
2 8 8
0.252526 0 0 
-0.108022 0 0 
0.0827568 0 0 
0.0268498 0 0 
0.398942 0 0 
0.610048 0 0 
0.0575645 0 30 
-0.0529318 0 0 
-0.0258768 0 1 
0.0630039 0 0 
0.346634 0 0 
1.02169 0 0 
0.887764 0 0 
0.454319 0 0 
0.00826479 0 0 
0.0445112 0 0 
0.0981314 0 0 
0.120774 0 0 
0.40398 0 0 
0.0562645 0 0 
0.0118277 0 0 
0.25832 0 0 
0.10338 0 0 
-0.273838 0 0 
0.269639 0 0 
-0.508687 0 0 
0.0409258 0 0 
-0.175759 0 14 
-0.0333191 0 0 
0.110769 0 6 
-0.224086 0 0 
-0.28861 0 0 
-0.0193006 0 2 
0.123524 0 0 
-0.474054 0 0 
-0.0781487 0 0 
-0.144625 0 0 
-0.281517 0 0 
-0.168918 0 0 
0.0609534 0 23 
0.253329 0 0 
0.991823 0 0 
0.0644618 0 1 
-0.141661 0 0 
0.0763674 0 1 
-0.112138 0 0 
0.204967 0 0 
0.227698 0 0 
0.00459338 0 0 
-0.0478971 0 3 
0.443397 0 0 
-0.0572705 0 1 
-0.11019 0 5 
0.261246 0 0 
-0.0999054 0 3 
0.154539 0 0 
-0.353832 0 0 
-0.358281 0 0 
0.122082 0 1 
0.00207113 0 0 
-0.0346971 0 1 
0.0811316 0 5 
-0.649025 0 0 
-0.421494 0 0 
4 8 8
0.266117 0 4 
-1.34764 0 8 
0.171538 0 1 
-0.226411 0 10 
0.735379 0 57 
0.361864 0 6 
-2.0135 0 19 
0.25986 0 40 
0.177364 0 3 
0.184201 0 17 
0.817521 0 29 
0.36604 0 47 
0.357023 0 50 
-3.0402 0 20 
-1.63913 0 28 
0.199681 0 55 
-0.373508 0 16 
0.178718 0 17 
0.378795 0 18 
-0.0451448 0 6 
-0.841458 0 28 
0.0729979 0 41 
0.574474 0 20 
0.078389 0 6 
0.132986 0 5 
0.569718 0 30 
-0.0763406 0 35 
-0.0633353 0 60 
0.0272125 0 6 
0.123531 0 36 
0.306447 0 63 
-0.202262 0 18 
0.178656 0 35 
-0.491099 0 36 
0.257924 0 34 
0.155311 0 35 
0.253063 0 36 
0.317716 0 37 
0.715469 0 27 
-0.0454 0 54 
0.13635 0 40 
0.309307 0 41 
0.341601 0 0 
-0.239052 0 22 
0.185137 0 43 
0.0672391 0 7 
-0.601687 0 30 
0.20393 0 47 
-0.0950928 0 46 
0.25686 0 16 
0.338491 0 4 
-0.804393 0 27 
0.0705378 0 2 
0.294136 0 53 
0.320514 0 36 
0.0942776 0 22 
-0.119977 0 5 
-3.25064 0 26 
-0.492315 0 47 
0.0850805 0 6 
-0.359318 0 14 
-0.169268 0 50 
-0.857797 0 0 
0.413955 0 63 
8 8 8
-0.233537 0 33 
-0.201125 0 61 
-0.464961 0 45 
0.247993 0 3 
0.130807 0 4 
0.189137 0 5 
-0.355105 0 7 
0.407053 0 31 
0.518652 0 36 
0.0749942 0 13 
0.2741 0 10 
0.19377 0 50 
-0.426867 0 17 
0.405125 0 51 
0.33132 0 14 
0.93361 0 26 
-0.268359 0 24 
0.298645 0 29 
0.231463 0 18 
0.051524 0 2 
0.206545 0 20 
0.194362 0 21 
-0.0517188 0 5 
0.2448 0 49 
0.339008 0 24 
-0.409383 0 49 
0.0676805 0 36 
-0.15078 0 29 
0.192201 0 26 
0.0791291 0 42 
0.12633 0 3 
-0.170229 0 22 
0.175906 0 42 
-0.613213 0 29 
0.151153 0 34 
0.164187 0 35 
0.253914 0 36 
-0.211525 0 48 
-0.275664 0 51 
0.0527508 0 10 
0.11652 0 40 
-0.38933 0 22 
-0.174784 0 6 
0.224409 0 43 
0.149575 0 59 
0.32866 0 47 
-0.102939 0 5 
-0.0770872 0 58 
0.1519 0 48 
0.153982 0 40 
0.277354 0 50 
-0.177041 0 56 
0.229065 0 52 
-0.263128 0 32 
0.310329 0 55 
0.111763 0 55 
0.418294 0 56 
0.333703 0 57 
0.37584 0 58 
0.315152 0 59 
0.355165 0 60 
0.285073 0 61 
0.379982 0 56 
0.298008 0 63 
16 8 8
0.0822716 0 7 
-0.146045 0 60 
0.131861 0 2 
0.159128 0 3 
0.17414 0 4 
0.117906 0 5 
-0.38576 0 27 
0.418688 0 26 
-0.131417 0 58 
0.204279 0 34 
0.20711 0 10 
0.138635 0 11 
0.0962187 0 12 
0.141764 0 13 
-0.185355 0 18 
-0.0980156 0 13 
0.130314 0 7 
-0.236699 0 34 
0.157631 0 18 
0.162124 0 19 
0.166531 0 20 
0.161602 0 21 
-0.11241 0 6 
0.275147 0 40 
-0.202774 0 30 
0.158794 0 23 
-0.0292467 0 11 
-0.145445 0 19 
0.106939 0 28 
-0.0286076 0 60 
0.648016 0 20 
-0.178978 0 39 
0.133952 0 32 
-0.395798 0 20 
-0.12157 0 18 
0.156289 0 27 
0.204952 0 36 
-0.194175 0 27 
-0.143021 0 52 
-0.0433709 0 25 
-0.113849 0 32 
-0.2021 0 42 
-0.0936498 0 6 
0.22006 0 43 
0.179458 0 44 
0.100499 0 45 
-0.177961 0 37 
0.191732 0 47 
0.148808 0 48 
-0.0843451 0 30 
0.161626 0 50 
0.217621 0 51 
0.166622 0 52 
0.125899 0 53 
0.12525 0 54 
0.134924 0 55 
0.434228 0 56 
0.367622 0 63 
0.498216 0 56 
0.386477 0 59 
0.409982 0 60 
0.341997 0 61 
0.258148 0 56 
0.346452 0 63 
32 8 8
0.133934 0 0 
0.0985107 0 1 
0.133417 0 2 
0.174002 0 3 
0.1313 0 4 
0.144309 0 5 
0.104102 0 6 
0.0930385 0 7 
0.0767462 0 8 
-0.0670026 0 61 
0.126927 0 10 
0.125698 0 11 
0.120711 0 12 
0.162911 0 13 
0.0594261 0 14 
-0.0722286 0 17 
0.0707288 0 16 
0.0819105 0 16 
-0.0587068 0 39 
0.0621516 0 19 
0.0868852 0 20 
0.122622 0 21 
-0.0987081 0 40 
0.064171 0 23 
0.087042 0 49 
0.092195 0 25 
0.0981896 0 26 
0.11409 0 27 
0.128599 0 28 
0.0464937 0 52 
-0.185924 0 36 
0.120334 0 31 
0.113613 0 32 
0.113513 0 33 
0.0983003 0 34 
0.0861947 0 35 
0.0984747 0 36 
0.128885 0 37 
0.0422286 0 38 
0.113551 0 39 
-0.0247352 0 12 
0.134696 0 41 
0.0635484 0 42 
0.175998 0 43 
0.201908 0 44 
0.0814104 0 45 
0.0864439 0 46 
0.167175 0 47 
0.156388 0 48 
0.103916 0 49 
0.158089 0 50 
0.173355 0 51 
0.174969 0 52 
0.157995 0 53 
0.149331 0 54 
0.162658 0 55 
0.441208 0 56 
0.348855 0 57 
0.395053 0 58 
0.426456 0 59 
0.411209 0 60 
0.364694 0 61 
0.272161 0 56 
0.407525 0 63 
