6  8  8  255
-31.375
-28.078
-17.141
59.141
26.406
-118.55
56.719
65.359
-45.109
64.656
19.391
516.72
40.016
334.91
-237.53
247.86
-61.438
310.75
-82.953
296.84
-393.83
163.47
-409.45
115.64
-98.828
306.66
83.375
483.62
-865.44
295.81
-254.08
1054.7
793.59
654.41
-1043
191.16
1457.2
-118.33
-607.87
-193.2
45
-1623.7
-1473
1020.9
153.16
132.17
754.11
618.66
314.41
46.391
1093.1
168.72
-249.22
-929.45
-591.47
-410.53
-101.48
21.109
146.06
313.33
4.1719
53.266
-43.359
-19.406
2 8 8
0.2251 0 0 
0.120769 0 0 
0.378233 0 0 
-1.98633 0 0 
-1.96049 0 1 
0.889187 0 0 
-0.872008 0 1 
1.67403 0 0 
0.669173 0 1 
-1.07618 0 0 
0.882715 0 0 
-0.13447 0 0 
0.290751 0 3 
0.252994 0 0 
3.48024 0 1 
-2.99873 0 0 
0.294827 0 0 
-5.77645 0 0 
-0.286519 0 7 
-5.23355 0 0 
-7.77263 0 0 
-2.62239 0 0 
3.63521 0 0 
0.0744964 0 0 
1.48541 0 2 
0.163339 0 0 
0.529841 0 0 
4.32352 0 3 
0.289402 0 0 
-5.23406 0 0 
12.1625 0 2 
-0.243825 0 0 
-9.21912 0 0 
-1.72669 0 0 
7.15335 0 0 
-1.13545 0 0 
-7.67651 0 0 
-0.633275 0 0 
4.70316 0 0 
-0.691609 0 5 
0.833745 0 9 
9.65315 0 0 
9.07203 0 0 
-7.1175 0 0 
-5.77781 0 0 
0.382151 0 0 
-10.1057 0 0 
-2.5231 0 1 
-4.80175 0 0 
-0.333446 0 0 
-1.82371 0 0 
-1.80183 0 0 
1.50698 0 0 
15.4249 0 0 
4.25204 0 3 
6.9951 0 0 
-0.11081 0 0 
0.756206 0 0 
-0.857783 0 2 
-1.66263 0 0 
0.427546 0 0 
0.251689 0 0 
0.802513 0 3 
4.65842 0 1 
4 8 8
-0.0716713 0 3 
0.0214164 0 61 
-0.0620432 0 62 
-0.202955 0 57 
0.179481 0 22 
0.290831 0 5 
0.0835283 0 59 
0.246285 0 55 
0.165383 0 10 
-0.137433 0 43 
0.0442016 0 14 
-2.01567 0 8 
0.258294 0 8 
0.451101 0 13 
-0.0907913 0 14 
4.4765 0 1 
0.221397 0 16 
-0.598411 0 24 
0.675554 0 18 
0.327322 0 31 
-2.51807 0 4 
2.20829 0 5 
1.15494 0 4 
0.348777 0 38 
0.113266 0 24 
2.22488 0 60 
0.35005 0 52 
-0.5876 0 55 
5.07511 0 18 
0.202979 0 32 
1.32897 0 62 
-0.0706394 0 27 
0.636341 0 3 
0.369851 0 39 
-0.330863 0 21 
-1.18601 0 60 
0.396338 0 36 
0.834588 0 57 
0.238246 0 31 
-0.884645 0 50 
-1.12508 0 6 
0.409255 0 41 
-0.474186 0 35 
-2.15751 0 5 
0.29399 0 44 
0.234293 0 44 
0.294342 0 46 
0.444411 0 38 
0.573592 0 49 
14.5789 0 1 
0.243133 0 40 
-0.12938 0 14 
0.0351964 0 41 
-3.63181 0 6 
-0.354668 0 45 
0.508604 0 55 
0.0430783 0 42 
-0.0559098 0 34 
0.251578 0 62 
-1.68269 0 1 
-0.203804 0 62 
0.104566 0 49 
0.259271 0 62 
0.465179 0 63 
8 8 8
0.179058 0 0 
-0.00465977 0 46 
0.137711 0 2 
-0.542101 0 2 
-0.627241 0 8 
0.223307 0 5 
0.180651 0 6 
0.45645 0 7 
0.219864 0 8 
-0.25879 0 9 
0.25572 0 10 
-2.26543 0 6 
-0.375934 0 8 
0.202349 0 13 
0.285497 0 14 
0.203634 0 55 
0.293298 0 16 
-0.295117 0 13 
0.374848 0 18 
0.176991 0 19 
0.262008 0 20 
1.64798 0 6 
0.341808 0 22 
0.238485 0 55 
-0.0277948 0 22 
0.994579 0 61 
-0.117059 0 29 
-0.324693 0 29 
0.120658 0 20 
0.239295 0 17 
-0.291691 0 22 
0.240659 0 55 
-0.363073 0 26 
0.209446 0 33 
-2.53813 0 0 
0.189621 0 35 
-0.302317 0 58 
-0.0886655 0 48 
-0.958737 0 10 
0.361708 0 39 
-0.102103 0 7 
0.179948 0 41 
0.197577 0 42 
0.231411 0 43 
-0.554239 0 59 
0.177055 0 45 
0.0812129 0 46 
0.325126 0 47 
0.260271 0 48 
0.276394 0 49 
0.221194 0 50 
0.231566 0 51 
0.196888 0 52 
-1.82302 0 6 
-0.245616 0 21 
0.499802 0 55 
-0.103576 0 40 
-0.0351842 0 50 
-0.0956067 0 14 
-0.0506004 0 23 
-0.520581 0 6 
0.0624817 0 44 
0.17967 0 62 
0.274484 0 55 
16 8 8
0.199138 0 0 
0.174935 0 1 
0.140739 0 2 
0.268638 0 3 
0.463772 0 4 
0.223862 0 5 
0.222226 0 6 
0.219518 0 55 
0.172422 0 8 
-0.200546 0 9 
0.178766 0 10 
0.16153 0 11 
0.233896 0 12 
0.146319 0 13 
0.0298091 0 28 
0.263536 0 55 
0.201419 0 16 
0.146939 0 15 
0.0568985 0 9 
0.165163 0 19 
0.199309 0 20 
0.162244 0 21 
-0.316359 0 14 
0.21854 0 55 
-0.0180715 0 42 
0.160894 0 25 
-0.0450087 0 50 
-0.153569 0 22 
0.216774 0 28 
0.225843 0 29 
0.11458 0 13 
0.341031 0 55 
0.153105 0 32 
0.084244 0 33 
0.160677 0 34 
0.227284 0 35 
0.144111 0 36 
0.14504 0 37 
0.148337 0 38 
0.337584 0 55 
-0.349488 0 9 
0.168162 0 41 
0.165341 0 42 
0.204922 0 43 
0.207437 0 44 
0.104061 0 45 
0.220376 0 46 
0.456213 0 55 
0.254169 0 48 
0.194768 0 49 
0.200981 0 50 
0.334541 0 51 
0.194031 0 52 
0.189258 0 53 
0.16578 0 54 
0.501171 0 55 
0.175002 0 56 
0.11111 0 57 
0.0778199 0 58 
0.14503 0 59 
0.180996 0 60 
0.140823 0 61 
0.195678 0 62 
0.304902 0 55 
32 8 8
-0.0102315 0 4 
0.111752 0 1 
0.00241845 0 34 
0.198578 0 3 
0.0109009 0 33 
0.0933496 0 5 
0.0710257 0 6 
-0.0184992 0 21 
0.0678643 0 8 
0.225549 0 9 
0.154408 0 10 
0.169332 0 11 
0.107384 0 12 
0.221223 0 13 
0.11875 0 14 
0.0552522 0 19 
0.0920097 0 16 
0.14992 0 17 
0.117741 0 18 
0.158385 0 19 
0.176958 0 20 
0.173774 0 21 
0.209469 0 22 
0.0564039 0 23 
0.159237 0 24 
0.150019 0 25 
0.115026 0 26 
0.159565 0 27 
0.148146 0 28 
0.115289 0 29 
0.14665 0 30 
0.033485 0 31 
0.104941 0 32 
0.162453 0 33 
0.157474 0 34 
0.15061 0 35 
0.217217 0 36 
0.116181 0 37 
0.18677 0 38 
0.0441764 0 39 
0.0913284 0 40 
0.167016 0 41 
0.199975 0 42 
0.190539 0 43 
0.16678 0 44 
0.129083 0 45 
0.138942 0 46 
0.0287132 0 47 
0.162984 0 48 
0.160103 0 49 
0.171364 0 50 
0.149471 0 51 
0.107926 0 52 
0.243686 0 53 
0.152251 0 54 
0.0157756 0 50 
0.139344 0 56 
0.142418 0 57 
0.135895 0 58 
0.175934 0 59 
0.130695 0 60 
0.141201 0 61 
0.0996932 0 62 
0.042812 0 3 
