8 64 64
2.07892 -186.338 7
2.05556 -181.433 7
2.02579 -175.174 7
1.99483 -168.628 7
1.62926 -73.4843 20
2.0033 -170.357 7
1.64422 -76.4794 20
1.98157 -165.767 7
1.62436 -72.4716 20
1.65186 -78.0102 20
1.65939 -79.525 20
1.65069 -77.7976 20
1.58579 -59.9858 25
1.61304 -70.1672 20
1.64699 -78.6085 19
1.65023 -79.2262 19
1.58789 -60.3658 25
1.66524 -81.9477 18
1.64427 -77.6655 18
1.54509 -56.5772 21
1.52566 -52.6779 21
1.59844 -68.3761 18
1.4588 -35.4826 26
1.55498 -59.6326 18
1.45486 -38.2931 20
1.44549 -36.3686 20
1.54748 -58.1038 18
1.90448 -149.404 7
1.57339 -62.1781 20
2.01327 -172.472 7
2.03807 -177.802 7
1.78183 -104.219 20
2.24686 -222.122 7
2.00272 -173.297 14
2.02103 -153.879 18
1.90679 -125.421 24
2.00963 -151.959 19
2.05713 -161.177 18
2.06032 -161.869 18
2.03403 -156.953 19
2.096 -169.085 18
2.05544 -161.272 19
2.11601 -173.154 18
2.08008 -166.272 19
1.98856 -139.95 25
1.99389 -140.219 27
1.99903 -143.057 26
2.16858 -183.759 18
2.05145 -158.724 21
2.13907 -178.251 19
1.92432 -121.791 30
2.157 -181.835 19
2.14948 -180.309 19
2.07185 -156.512 25
2.08292 -158.749 25
2.09697 -163.369 24
2.13294 -170.53 24
2.13552 -169.155 25
2.24512 -199.739 19
2.20826 -190.178 20
2.16316 -174.663 25
2.28299 -207.336 19
2.19688 -181.341 25
-1.69662 505.67 494
0.0277817 158.659 854
-0.188911 193.998 138
-0.180287 193.293 138
0.35251 152.041 805
-0.259616 208.882 139
0.433493 84.6169 232
0.0409611 160.357 695
0.407921 89.9002 233
0.0273549 161.174 769
-0.151917 190.192 139
0.108852 155.823 778
-0.566073 253.964 83
-0.353643 223.86 99
-0.168243 195.638 134
-0.0249365 170.307 841
0.314173 118.221 39
0.0265649 165.466 434
0.0229423 167.157 520
0.0421343 169.705 854
0.0343301 168.004 683
-0.0694231 183.012 980
0.105099 158.111 896
-0.0321882 176.719 836
-0.0290133 177.994 922
-0.316079 224.369 55
-0.339645 224.371 61
-0.586593 274.78 192
-0.227562 204.768 56
0.0797868 155.35 389
1.01198 -16.3519 451
0.24042 151.342 801
0.14821 150.784 781
0.019508 152.639 399
-0.326224 207.397 273
-0.0579737 164.547 621
0.170807 124.699 379
-0.295164 159.614 763
-0.312418 160.263 763
0.141879 126.043 334
0.562365 56.9039 274
-0.507088 241.166 195
0.0753606 137.415 929
0.358639 92.0848 562
0.02025 145.729 865
0.0941007 131.605 281
0.111564 128.591 134
0.0805732 132.805 507
-0.0229117 148.331 682
0.0183285 145.256 840
0.0367088 143.102 827
0.26388 136.031 881
-0.261828 193.744 169
1.18821 -59.8666 297
-0.0169369 147.342 524
-0.830117 275.75 67
0.0438143 135.514 426
0.140221 120.88 62
0.196515 107.194 470
0.141841 117.1 411
-1.08812 330.836 450
0.0199389 136.645 833
0.108255 121.555 216
-0.0299664 141.413 747
-1.86624 529.373 494
-0.0296867 159.133 667
-0.0164745 159.352 584
-0.0319362 165.077 429
-0.0798486 172.471 342
-0.140561 181.191 57
-0.0821719 171.37 1020
-0.0176651 161.214 917
-0.0899154 178.311 741
-0.0644787 170.615 979
-0.0278745 165.708 471
-0.261609 210.171 170
0.271441 112.41 418
-0.71099 283.463 373
-0.156752 190.698 138
-0.281403 211.656 98
-0.0509332 168.983 918
-0.891837 304.899 83
-0.300801 213.157 55
0.0449094 161.726 696
-0.468434 239.734 57
-0.32516 217.786 55
-0.409563 242.303 137
-0.297215 214.704 56
-0.384378 229.068 56
0.0850178 160.283 750
-0.414651 229.188 55
0.0911133 147.68 718
0.477915 73.2046 233
0.363934 94.6168 418
-0.379519 223.429 91
0.0193081 156.255 625
0.334514 144.405 724
-0.292102 209.943 198
-0.626963 268.325 488
0.0501301 149.527 832
-0.023972 155.757 637
0.0535985 145.383 982
0.0273828 148.893 313
-0.0228561 154.848 617
-0.822744 283.459 68
-0.217988 187.167 43
-0.0183365 153.397 402
-0.0362576 155.552 546
0.189918 118.966 105
-0.031678 151.885 617
-0.0180196 151.818 520
-0.111219 171.577 716
0.411668 88.9321 59
0.502739 65.7647 136
0.705707 31.9525 133
-1.01477 335.485 234
-1.18778 360.737 229
0.84395 8.97822 133
-0.436635 219.812 154
0.184402 118.359 62
0.177107 114.855 135
-0.0265133 146.808 746
-0.339822 153.706 843
0.0197651 140.195 712
0.365662 89.8949 62
-0.369582 204.161 119
0.820131 11.2322 79
1.06692 119.054 860
-1.83852 525.315 494
-0.0296416 161.367 272
-0.0607075 167.056 968
-0.0483946 166.094 900
0.102876 142.087 216
0.0256426 154.485 872
-0.02602 162.606 960
0.054857 150.657 411
-0.071839 174.574 620
-0.13184 182.793 268
0.0355744 156.177 572
0.15455 132.344 416
0.0151222 158.023 609
-0.152207 191.56 620
-0.140792 183.48 377
-0.0341827 163.27 834
0.0151306 159.551 764
0.265515 114.699 229
-0.118104 180.98 248
-0.11746 165.035 875
-0.147391 186.278 249
-0.0343612 164.56 926
-1.06834 343.746 373
-0.18868 192.629 253
-0.263047 202.234 55
-0.197825 195.99 140
-0.104909 178.172 491
0.361668 151.011 796
-0.0239999 162.544 455
0.0236042 154.867 936
-0.061528 168.554 591
0.0223231 155.333 617
0.478328 74.1499 298
0.0630357 145.503 480
-0.608841 265.899 488
0.0344141 151.541 540
-0.0512832 163.808 935
-0.0647537 165.964 392
-0.0190842 157.289 521
0.0824033 139.611 544
0.0239713 150.063 270
-0.0211138 155.77 520
-0.0447717 154.074 638
0.450667 84.3132 54
0.239758 120.451 60
0.355417 93.9351 132
0.658862 37.3707 137
0.598457 49.8694 137
-0.706581 187.937 802
-0.698871 281.052 43
-0.89978 328.668 232
-1.26521 385.908 256
0.408565 91.111 136
0.38025 103.554 56
0.720313 45.2379 58
0.503031 71.0274 136
-2.02052 510.16 266
-1.56791 415.148 43
-1.53043 424.895 256
0.596076 49.1207 139
0.426488 82.555 98
-0.125382 166.487 696
1.19655 -61.4932 352
1.34022 -69.8062 79
-1.81429 521.953 494
-0.560788 257.817 163
-0.129563 160.746 788
0.0195468 153.506 743
-0.0617683 167.316 1002
-0.328791 219.378 171
-0.284907 208.495 315
0.0892028 144.559 1000
0.378045 97.5222 212
0.0139856 157.786 548
0.0930587 143.913 388
0.0331599 154.409 573
0.0196369 157.269 602
-0.05088 166.079 463
-0.0704794 170.735 360
0.0547061 150.014 1002
0.030659 153.767 585
0.0517947 154.604 645
0.16386 132.691 189
0.029296 154.641 426
0.0193958 156.007 309
0.0383086 152.754 237
-0.0220926 163.08 739
0.517221 76.9778 46
0.0305671 154.052 477
-0.0168387 159.915 634
-0.0888184 173.625 441
0.0449673 151.134 359
-0.050847 164.99 554
-0.0337305 163.633 574
0.0893914 142.744 409
-0.235762 198.937 228
0.342595 92.9757 201
-0.0337044 162.283 152
-0.578478 261.078 488
-0.0534644 163.666 605
0.401239 84.9728 193
0.0229297 154.099 920
0.228293 115.581 483
-0.0586217 163.563 748
-0.0254558 157.864 520
0.0430547 147.453 478
0.0249212 150.952 618
-0.0337698 160.763 625
-0.0501812 165.162 989
-0.0486213 169.527 526
0.174906 133.569 331
0.421552 93.5623 321
-0.0516379 177.87 718
-0.445263 250.014 228
-0.0498063 180.33 733
0.390903 103.612 132
-0.655396 278.512 40
0.137034 146.913 138
0.870091 13.3185 131
-0.532511 186.175 802
-0.58294 263.186 39
0.0489658 163.109 835
-0.756047 299.745 267
-0.65724 277.151 43
-0.679937 278.997 43
-0.101454 171.359 731
0.664258 47.8327 132
-0.123814 166.474 775
-1.72976 509.141 494
0.136352 133.497 176
-0.0187209 159.537 635
0.0410009 151.065 1008
0.0559616 147.925 360
-0.0193334 160.342 580
-0.263778 169.101 722
-0.0366245 160.271 670
0.0430196 157.244 790
0.35586 97.1771 405
-0.743702 276.986 101
0.68863 40.7024 123
0.131122 153.746 721
-0.0233622 163.018 223
0.902724 142.619 862
0.422481 87.6278 158
-0.0206245 161.563 606
-0.104683 175.872 190
0.832398 22.1608 211
0.0647399 148.149 438
0.0195064 157.683 859
-0.0297715 162.467 945
-0.05428 168.352 237
-0.0776787 170.297 951
-0.0962507 175.839 490
-0.0244186 163 313
-0.270779 209.985 171
-0.0476918 166.104 578
-0.0193541 162.455 455
0.0298395 154.911 463
-0.023465 161.694 431
-0.021109 161.294 771
-0.0209125 160.322 689
0.0525912 150.284 427
-0.244588 198.249 337
0.522992 58.6165 486
-0.0821821 173.71 542
-0.399514 173.037 814
0.0226938 157.678 839
0.262181 115.462 133
-0.365738 222.372 230
-0.595166 254.415 44
0.185515 128.099 57
-0.46606 244.1 234
0.0222314 157.644 919
-0.182113 197.899 485
-0.0208825 168.824 552
-0.331904 179.688 756
0.988491 14.8316 78
0.0204177 170.693 609
-0.309913 227.884 473
0.0618401 163.85 389
-0.424185 244.617 322
0.605117 66.0413 160
0.0328322 168.775 702
0.0292174 166.787 560
0.0266069 167.359 739
-0.0583161 179.993 269
0.755387 41.161 297
0.017155 171.487 794
0.457419 96.9699 380
-0.806969 185.754 790
-14.7098 2762.72 129
-0.453236 178.04 648
-1.50685 476.475 494
0.533972 76.4605 54
0.580814 57.9998 137
0.38952 101.751 58
-0.27029 182.479 778
0.0851518 154.991 837
0.372593 104.872 60
0.440341 81.1723 387
-0.103012 176.844 388
-0.318557 210.119 186
0.285746 108.749 405
0.127601 136.555 470
0.067282 148.484 210
0.10231 140.617 332
-0.556409 248.435 177
0.0113214 157.134 399
-0.451839 236.502 261
-0.0185262 162.315 555
-0.0149648 161.399 666
0.0815605 156.147 649
0.0299496 154.357 448
-0.101999 177.061 491
0.019271 155.639 173
0.027703 153.653 651
-0.0281295 162.784 683
-0.506282 242.532 211
-0.0459707 167.665 332
0.411673 91.3488 349
-4.02365 869.076 387
0.0252414 156.59 421
-0.0478697 167.242 404
-0.0142436 163.017 400
-0.0324676 165.996 461
-0.0308554 163.894 344
-0.508091 253.122 488
3.35164 -463.123 363
-0.339381 173.361 804
0.284077 112.429 165
0.392968 96.8158 91
-0.656641 271.048 38
0.726649 32.2641 131
-0.350685 227.024 232
-0.472891 245.971 256
0.157187 137.816 55
0.285498 112.591 323
-0.398926 235.128 259
0.537184 76.5693 87
-0.156725 176.257 812
0.0327071 166.75 113
-0.023244 175.052 548
0.274482 160.316 722
0.0935125 167.369 649
-0.333295 231.72 232
-0.0659604 184.184 517
0.112424 154.269 80
0.0141419 170.555 694
0.0699866 164.869 809
0.0850172 161.502 777
-0.211951 208.647 172
0.194363 154.962 779
0.256962 129.605 997
0.414817 114.525 464
0.625845 32.618 494
-1.07767 202.998 725
-1.41192 462.518 494
-0.0588975 172.109 693
-0.381576 179.909 766
-1.08381 360.108 265
-0.0532023 178.722 696
-0.943963 347.4 234
-0.0576419 179.718 696
0.570106 80.2871 58
0.398472 97.1458 135
0.433848 89.837 99
0.0503504 156.346 707
0.0517507 150.52 501
0.116339 140.633 190
0.0986522 143.019 351
0.458726 84.6952 177
-0.0383252 162.965 677
0.0258302 156.312 505
-0.0452027 167.799 456
0.469778 79.5337 321
-0.0949643 176.132 691
0.612623 72.881 62
0.0897216 156.441 842
-0.0461998 163.185 552
-0.118402 180.202 442
0.0305071 157.721 708
0.0896329 156.438 840
0.576167 74.3954 57
1.12289 12.4406 800
0.843962 7.22741 337
-0.298268 180.566 584
0.655846 62.1217 944
-2.89687 622.752 105
0.224966 124.841 111
0.0215311 158.76 504
-0.199512 197.004 369
0.774491 17.3178 574
-0.0593448 164.607 731
0.0392243 157.22 523
-0.498122 256.347 201
-0.381906 223.873 83
0.326176 103.562 169
-0.186337 190.704 62
0.290971 111.711 257
0.0309339 159.332 572
-0.133829 187.03 239
-0.0968063 183.987 453
0.0145106 165.294 618
-0.0757 172.31 840
-0.0236795 175.017 686
0.0171281 168.741 743
0.0279403 169.871 617
-0.118888 191.316 248
-0.776085 300.241 211
0.603344 160.113 797
0.189838 138.221 366
-0.0494582 180.013 662
-0.0203827 172.294 758
-0.0358968 171.969 708
-0.586805 193.74 752
-0.161449 175.117 649
0.313715 152.433 751
-0.822312 183.678 796
0.204111 128.126 173
-0.643985 227.497 439
-1.37902 457.969 494
-0.0294039 175.767 557
0.0513616 166.051 740
-0.0567163 180.868 780
-0.4205 253.339 228
0.0712613 168.8 971
-0.0299594 184.483 688
0.269698 134.937 97
0.877361 27.2933 93
-1.02456 343.33 42
0.521893 88.8342 58
-0.847158 316.08 256
0.497773 72.3112 137
0.0670321 155.516 833
-0.186946 193.844 542
0.199735 131.561 62
0.55437 72.4098 100
-0.254092 205.819 388
-0.144292 184.518 873
0.97292 7.28089 192
0.75821 51.7835 133
2.0184 -145.282 83
0.694219 49.2625 135
0.486362 82.8009 99
0.582874 68.4252 136
3.47339 -401.125 276
0.240778 134.497 738
-0.284209 209.258 191
-0.902422 259.466 439
0.762429 51.2739 58
0.0912529 158.368 842
0.264792 115.074 664
0.235008 129.749 911
1.96629 -161.043 146
-0.338879 191.422 672
0.804125 38.2045 898
-0.219263 167.794 889
-0.242551 167.929 889
-0.224554 166.51 889
-0.209543 166.699 889
-0.164299 173.241 533
-0.142052 171.827 533
-0.131291 170.062 532
-0.121974 169.151 704
-0.102068 170.395 532
-0.113991 172.003 533
-0.137244 169.68 889
-0.173093 170.136 889
-0.210978 173.563 889
1.21703 -47.2914 283
-0.639658 192.412 840
0.206982 135.334 336
-0.0295032 172.021 700
-0.593125 276.392 226
0.0198449 169.939 527
0.0648829 160.516 370
0.152256 157.821 779
0.0909097 157.629 498
0.167498 156.275 779
0.0449523 162.291 865
-0.0857097 171.891 759
-0.0350184 173.97 159
0.0525522 159.434 335
-0.461069 202.681 271
-1.37778 457.65 494
-0.0291216 175.957 648
0.608416 67.8373 129
0.0318608 176.189 793
0.0199172 177.206 305
0.0455831 173.374 208
-0.678718 301.826 194
0.510517 163.043 755
0.390541 119.201 84
0.0956293 164.492 279
0.277872 129.598 132
0.530579 85.1133 93
-0.664482 295.319 232
-1.03214 360.572 232
2.94716 -346.601 481
0.742675 49.9094 97
-1.17728 389.129 233
0.599339 70.3078 139
-0.10115 187.343 750
-0.0363938 190.592 625
-0.327831 242.204 43
-0.0828402 189.622 633
0.404745 115.266 253
0.881016 29.0209 133
0.820968 36.8889 192
-0.0476553 190.811 692
-0.273089 233.998 230
-0.196131 202.05 447
0.872134 11.6414 407
0.396861 113.376 502
1.17089 -5.54406 58
1.39628 -76.4051 352
0.0507542 154.736 866
-0.0367933 168.165 519
0.75194 54.3313 540
-0.887599 302.812 488
-0.836907 298.214 177
-0.0419627 170.994 509
0.0925388 149.092 1012
0.0229328 159.512 358
-0.0163116 167.155 739
0.265756 117.576 256
0.0333523 162.659 891
0.122165 142.576 378
0.101523 146.35 360
-1.09589 344.329 244
0.371501 95.7951 232
0.228682 124.561 230
-0.962229 320.228 218
0.970441 0.925667 339
-0.449346 175.043 375
-1.74289 214.741 759
-0.297486 211.983 55
-0.626909 264.825 83
-0.378549 225.226 59
0.435419 95.3146 125
0.098577 149.873 652
-0.0445478 172.354 529
-0.720098 298.457 226
-0.0188885 171.579 833
-0.0238708 172.151 340
0.0366893 166.103 827
-0.173222 196.193 177
-0.44678 199.479 369
-1.80621 524.523 494
-0.242474 216.721 175
0.161471 150.031 176
-0.0353468 184.383 240
-0.0198457 181.786 584
-0.0172426 182.42 390
0.0313761 176.008 145
0.054833 171.323 269
-0.0408386 182.003 729
0.671303 72.5892 34
-0.126595 199.338 146
0.0155 178.572 807
0.330796 128.382 55
1.47018 -64.3756 87
0.226004 149.257 263
-0.607274 284.38 188
-0.667789 301.132 265
-0.441194 257.647 43
0.23586 143.982 139
-0.285181 201.297 721
-0.028895 193.254 615
0.134279 162.241 139
0.355186 122.709 139
-0.356842 198.884 756
0.20331 152.309 192
-0.0235138 193.758 745
1.46348 -88.8369 172
4.5169 -672.576 172
1.74751 -179.121 494
-5.35488 1064.52 175
-0.556543 209.679 842
0.577897 79.7726 175
0.193745 129.829 453
0.0200375 161.323 511
-0.214144 198.992 369
-0.150537 182.26 472
0.109733 143.934 423
-0.0390107 169.445 542
0.0238754 159.355 434
0.0282996 158.095 935
-0.0903547 178.692 281
0.0312433 158.284 684
0.110944 157.507 751
-0.0213955 164.36 835
0.0360274 160.591 780
-0.0221057 165.135 339
0.347684 104.786 116
0.0610534 151.931 81
0.70176 47.9101 382
0.852116 -14.4568 402
-0.409352 170.277 693
0.379805 152.08 825
0.600102 138.258 814
-0.0464962 163.224 681
-0.0527585 170.448 656
0.354411 103.781 125
-0.467922 249.221 384
-0.351057 215.824 61
0.569636 143.732 802
-0.140852 189.602 138
-0.127274 187.8 139
-0.726209 288.252 274
0.217527 121.828 652
2.21161 -302.239 485
-2.4687 624.133 494
-0.0656102 178.556 800
-0.2443 215.227 99
0.569987 74.3604 195
0.710985 165.722 861
0.639203 60.1041 203
0.0183324 178.228 246
0.15246 156.384 58
-0.0422849 185.444 1022
-0.0355431 184.391 734
0.430892 104.876 387
-0.09692 191.212 644
0.0271495 183.296 919
-0.319989 199.319 812
0.245094 147.314 295
-0.0754692 201.748 301
0.126839 165.895 138
0.0451115 180.267 800
-0.247127 225.5 253
0.152514 158.494 378
0.0650251 178.9 809
0.145016 181.99 805
-0.0271855 192.147 295
-0.0592332 196.641 507
0.0659997 178.073 541
0.15876 165.536 112
0.130137 167.761 408
0.373223 127.031 408
-0.279161 203.776 854
-1.29115 315.43 439
0.265745 137.922 303
0.43715 104.197 175
-0.766993 302.086 160
0.0816233 151.388 474
-0.152096 193.755 369
-0.275277 207.145 273
0.238188 121.147 424
-0.03457 168.822 603
0.0672528 154.183 952
0.762639 40.9569 106
-0.0230084 166.789 109
-0.622607 264.972 181
0.0195221 160.925 712
0.12428 142.893 134
0.0398449 160.391 725
0.0158641 160.399 630
-0.763827 176.881 798
0.817578 28.1194 245
0.965467 -22.9637 277
4.67138 -57.7989 819
0.458884 74.4505 499
0.856309 12.032 155
-0.0298117 159.815 680
0.0458479 150.666 560
0.0243528 157.962 609
0.0748676 148.409 512
0.0610114 158.4 842
-0.0821236 172.749 442
-0.470872 233.204 83
0.0208858 158.618 690
0.137037 140.965 749
0.915659 116.867 721
-0.167286 185.606 654
-0.654924 175.378 854
-2.98054 702.228 494
-0.684043 292.773 259
-0.0362905 178.691 734
0.0246328 173.807 616
-0.836807 317.023 274
0.461448 93.5023 197
0.0385649 175.027 610
0.027788 178.653 390
-0.0142795 185.352 678
0.0572147 172.311 359
0.757928 40.8696 202
-0.0350161 188.346 527
-0.0815804 190.943 884
-0.247122 231.255 137
0.305022 134.657 509
0.779842 56.6733 109
0.183742 157.481 177
0.0209905 184.682 707
-0.0398811 194.094 420
0.28403 145.098 59
-0.051236 195.789 541
-0.0222474 189.853 772
-0.0262459 192.156 420
-0.0274508 191.273 743
-0.118015 207.956 175
0.497369 97.4131 197
0.183214 165.838 463
-1.07069 219.189 789
0.141456 169.362 748
1.03844 -11.14 407
1.59397 -32.4422 496
0.194205 140.839 313
-0.0440975 176.342 678
0.413777 95.7047 372
-0.147705 193.203 369
-0.710499 290.299 488
-0.163528 167.681 890
0.310516 110.521 152
0.596923 64.0683 153
-0.321416 216.187 45
0.0323887 160.221 563
-0.134237 187.916 283
-0.226256 172.129 787
-0.0457394 170.156 987
0.032029 159.092 478
-0.381366 177.397 784
0.491983 80.4472 92
0.990609 -23.8261 308
-1.00761 214.337 750
0.699674 37.0176 126
-1.15809 189.193 759
-0.0602523 162.871 414
0.153934 134.066 409
-0.942752 178.535 829
0.0242342 157.926 920
-0.88716 177.738 862
-0.113109 180.672 452
-0.0495665 168.42 500
0.140749 135.622 382
0.762554 31.1889 190
-1.09371 186.676 846
-0.697175 269.58 218
0.0485775 149.635 311
-0.542649 245.755 112
-2.98338 694.663 462
0.218979 141.545 134
0.326335 121.434 137
0.200242 170.317 842
-0.0383555 180.392 750
-0.116721 197.572 268
-0.81072 314.358 410
-0.0315784 183.488 421
-0.16796 209.893 249
0.337725 124.15 89
0.0425705 174.795 403
-0.0250014 185.85 421
-0.745002 317.885 226
0.210208 147.998 576
-0.248691 193.357 853
0.618523 48.3785 399
-0.227182 227.045 301
-0.0394939 190.443 824
0.444246 106.152 167
0.403627 125.741 34
-0.0285899 189.122 854
-0.604562 284.845 218
0.0336937 181.307 461
-0.535323 203.502 728
-0.0570426 196.705 391
0.0702406 176.126 112
-0.204356 194.553 806
0.564225 113.039 463
0.183268 155.18 301
1.56703 -144.73 494
-1.29843 205.317 856
0.916478 19.7208 378
1.29831 -45.9501 379
-0.389934 178.7 759
1.5412 -66.8337 977
-0.68901 280.256 269
-0.562282 181.712 788
1.79153 -133.887 242
-0.723044 290.225 122
-0.0563948 174.82 237
-0.0137325 166.675 666
-0.0583187 166.8 806
-0.023069 167.252 466
-0.0262857 165.775 629
-0.0153087 166.213 556
0.580157 71.7026 109
1.14906 -34.5205 339
0.989853 -14.3375 215
1.0091 -12.4718 372
0.330354 104.224 426
-0.0166615 162.963 390
-0.0652167 171.259 370
0.0213719 158.583 710
-0.0143318 162.851 693
-0.0167778 163.798 408
0.320004 111.51 562
-0.175206 166.911 669
-0.082398 171.814 656
1.07179 -10.453 221
0.0776566 143.595 453
0.042086 152.14 495
-0.0545251 157.967 670
0.0292133 150.627 127
-0.370664 214.649 48
-1.53535 360.685 376
0.0296833 179.251 422
0.0336141 179.669 568
0.215427 146.286 97
0.184692 152.307 58
0.0390091 174.767 800
-0.0145257 178.508 287
-0.364128 241.616 315
-0.060185 180.416 670
0.538823 79.9567 234
0.164423 164.25 778
0.156406 165.454 778
0.574919 73.5716 232
-0.424169 246.932 56
0.18243 148.124 608
0.433121 94.0835 399
0.593449 79.1519 256
0.78808 57.8085 39
-0.0504027 191.269 836
0.493745 97.2857 235
0.0363167 182.938 696
0.473561 102.228 259
-0.611102 299.487 167
-0.163142 209.952 60
0.520802 93.982 259
0.0488808 177.221 679
0.241789 142.605 458
-0.604456 205.072 806
-1.22363 371.499 51
0.212644 153.821 1021
1.15354 8.7119 497
0.191947 144.822 339
5.23481 -813.495 203
0.0844852 156.594 336
0.611284 93.8262 498
-0.275644 214.568 499
-0.152892 171.113 727
0.0358526 160.597 312
0.0737507 152.864 336
0.0153075 163.093 511
-0.546429 250.94 64
-0.119559 184.1 112
0.421249 89.3243 227
0.619084 65.3204 74
-0.216611 173.114 782
0.655484 49.4497 439
-0.986161 260.474 308
0.225037 124.898 443
-0.865788 188.204 759
-0.111057 174.508 433
0.47043 86.5155 99
0.0210856 160.434 804
-0.0220902 165.531 454
-0.10493 178.191 749
0.0945438 158.009 914
0.166153 135.89 655
0.75591 34.2055 251
0.767094 46.0034 55
-0.122863 178.733 696
-1.25832 387.729 256
-0.65751 276.163 256
-0.702523 284.024 256
0.103701 137.362 488
-0.129075 171.606 570
-1.22521 342.812 376
0.211829 145.824 233
-0.110593 205.001 166
0.0931181 168.232 480
0.0301072 178.753 552
-0.0380139 185.75 540
0.0303455 176.113 924
0.395995 117.092 83
-0.020583 180.79 771
-0.032303 179.131 548
0.0380795 170.218 617
-0.467972 260.697 200
-0.203381 207.508 321
-0.0349546 175.283 833
0.573604 72.8265 230
0.73486 54.8362 431
-0.0661129 182.144 836
0.0336359 175.081 690
0.533983 81.7907 232
-0.307315 232.059 98
-0.235577 221.79 138
0.505104 97.4823 42
0.289452 129.34 256
0.369948 120.191 43
-0.318251 230.505 55
-1.43041 429.954 329
-0.179552 188.058 804
0.71018 56.7529 454
1.71927 -119.684 264
0.0643672 167.155 768
0.917617 -9.009 407
0.51349 84.4048 336
0.0967258 154.481 367
0.677447 52.7331 338
0.717717 55.4469 349
1.18453 9.83844 466
0.141054 143.531 301
0.96673 12.9905 101
0.0326757 160.789 375
0.0503791 158.511 554
-0.0218135 168.618 460
0.549043 77.1948 103
-0.0165849 166.602 635
-0.534653 176.21 798
0.261571 121.019 370
0.924217 -15.6207 412
-1.03478 197.464 725
0.294201 116.703 475
-0.522025 266.758 452
0.129604 157.969 872
-0.987637 337.853 41
0.609041 65.3869 138
-0.159434 194.735 587
1.49794 -65.6185 220
0.684965 56.3173 251
-0.411159 186.335 766
0.190831 143.63 300
-0.0828901 181.258 532
-0.514852 249.985 59
-0.654522 282.106 136
-0.0306746 170.971 712
0.17171 135.711 325
-0.0897286 167.219 709
0.711373 32.4359 268
-1.59297 489.582 494
-0.0435918 185.678 920
0.0285229 179.105 697
-0.0305504 184.327 922
0.633082 71.4202 260
-0.359826 240.965 329
-0.181943 209.541 133
-0.134504 202.97 139
-0.552554 270.418 87
0.0222058 172.344 648
-0.067605 181.107 1017
0.316628 111.75 234
-0.22381 209.563 165
0.023962 166.146 516
-0.171168 201.11 661
-0.8568 213.846 497
-0.35693 183.801 842
-0.0240644 177.693 739
-0.464545 253.988 317
0.639096 69.8858 40
-0.373255 185.933 876
-0.286204 225.103 132
0.0351506 171.962 690
0.488484 89.068 229
0.499928 93.254 40
-0.136658 180.339 807
-0.310138 227.13 248
1.77534 -162.044 205
-0.185261 202.755 248
-0.0201735 173.884 312
1.18821 -35.4969 439
-1.20938 201.263 856
0.0907675 158.668 335
-0.355324 185.478 638
-2.4139 594.688 484
1.24122 -1.31374 497
0.248065 129.067 80
0.743478 49.4907 77
0.0586748 156.164 487
-0.632719 267.528 67
-0.277385 215.809 419
0.465291 81.7967 356
0.0915859 150.237 248
0.0580443 163.542 726
0.860485 18.1392 389
-0.921334 219.836 750
0.35722 88.7611 543
-0.494617 254.011 44
0.467254 91.2881 489
0.0296041 173.853 836
0.173535 141.032 687
-0.207787 207.145 589
0.150406 147.465 560
-0.241453 183.64 759
-0.32024 188.324 814
-0.240912 187.287 812
-0.0527999 182.727 650
-0.0752212 171.6 708
0.135149 138.381 652
-0.613248 266.728 252
1.13161 -24.5922 284
0.608104 60.8347 251
-0.160527 184.72 747
0.199268 133.776 263
-1.26056 344.716 376
0.63636 56.9786 232
-0.414882 245.917 133
-0.0313487 180.144 833
0.0293914 173.716 696
-0.0532713 184.22 711
-0.358661 239.294 329
-0.0307058 179.329 701
0.892613 32.2614 46
-0.0313409 176.686 740
0.0251129 166.26 516
-0.017711 171.318 693
1.02039 8.38654 65
-0.0188756 171.463 794
-0.097393 186.049 126
1.28559 -108.412 494
-0.625456 191.062 804
-0.380763 238.437 481
-0.0732286 182.329 979
-0.04237 172.984 890
-0.0290257 175.989 589
-0.592329 263.229 51
0.0197275 170.911 694
0.0161626 170.081 745
-0.165638 200.351 452
-0.378386 181.765 789
-0.253388 216.368 470
1.18277 -47.3948 237
-0.0646288 181.578 301
0.110561 151.666 349
0.259134 122.37 173
-1.17234 286.253 439
0.280659 126.451 442
0.350532 110.153 338
-0.625765 188.451 803
1.1186 13.21 497
0.121058 148.832 488
-0.0586571 177.96 145
0.0235411 163.342 173
0.211921 129.961 360
0.0695696 155.917 247
0.0115318 164.908 287
0.0291676 162.407 215
1.06166 -13.0768 183
1.08017 -25.9285 340
0.241944 128.063 443
-0.415156 199.851 337
0.409656 107.491 336
0.355967 109.667 521
-2.23321 252.888 813
0.361311 117.951 749
-2.11532 219.981 893
-0.0887833 184.566 708
-0.113934 185.554 704
-0.11749 181.991 889
1.17842 -20.496 284
0.132775 149.399 865
0.117606 144.483 560
0.11663 147.032 659
-0.220727 209.625 204
0.024658 164.877 567
-0.0207072 170.641 613
0.163754 139.504 199
1.12097 -23.0482 183
-2.03425 559.013 494
-0.0213758 171.926 173
0.58268 75.9045 37
-0.259776 210.035 58
0.343992 111.111 256
-0.055422 176.184 841
0.698413 46.9966 257
-0.33504 224.045 83
0.0610625 168.62 731
-0.0226493 173.869 543
0.0420796 163.353 454
-0.381942 239.182 195
0.109288 151.209 112
0.0351958 168.158 729
0.0158297 169.253 920
-0.533034 202.113 775
-0.858198 192.137 856
0.102549 152.878 397
0.66033 57.6403 297
-0.0264376 175.245 413
-0.179216 179.961 721
-0.0426331 173.707 891
0.253174 164.327 880
0.0658489 160.132 237
0.0639152 160.239 332
1.02705 -20.8592 236
-0.23262 214.188 332
1.87769 -152.87 269
-0.147722 195.015 177
0.129 150.35 381
0.0640133 159.943 459
0.913423 -6.77723 407
-1.45738 227.057 842
0.153167 144.054 507
-0.647864 191.107 803
-0.622912 180.031 702
0.649839 61.0717 377
-0.0982299 184.946 210
-0.0260692 173.342 743
0.0465377 159.896 407
-0.557382 256.072 105
0.288623 119.405 307
0.874078 18.0933 339
1.03718 -30.65 371
-0.319537 182.774 840
-0.256973 180.724 838
-0.388877 196.46 369
-0.776249 193.131 667
-1.35763 401.141 175
2.37179 -222.549 284
-0.779897 214.765 337
-0.584135 195.528 648
-0.224761 188.57 809
-0.334983 187.191 766
-0.0565571 189.929 404
0.0929024 163.263 403
-0.0389942 180.495 646
0.0446176 165.285 555
0.702066 59.5392 83
0.709817 56.1344 85
-0.0280472 171.743 698
0.460328 88.4039 481
1.06966 -16.8133 339
0.969723 -14.0535 371
-1.57426 487.743 462
0.0182376 165.679 215
-0.034425 171.655 774
0.121505 148.32 247
-0.0308728 170.433 681
0.0112997 168.549 415
-0.242568 178.216 814
-0.0182921 171.676 408
-0.103207 188.329 457
0.0362087 165.774 832
-0.0892529 187.557 517
0.257755 127.63 307
0.0250892 165.591 223
-0.0766128 181.801 954
-0.0265008 173.494 859
-0.557885 261.088 351
0.883594 18.6354 273
-0.0924988 187.881 301
-0.0986667 189.885 621
-0.0176239 173.703 566
0.0160585 169.491 460
-0.0122639 174.724 287
-0.121497 193.504 392
0.234595 131.445 330
-0.0782311 183.764 749
3.10618 -373.306 481
0.238915 132.505 394
-1.17714 207.974 727
0.0953533 154.816 443
-0.232084 176.971 759
0.677422 63.2424 34
-1.77395 402.377 573
-1.2365 193.409 856
0.164839 145.933 254
-0.595435 189.734 803
-1.59921 416.352 462
0.263466 117.484 303
-0.648974 279.248 288
0.530195 84.018 106
0.0953473 152.372 270
-0.0916836 170.634 765
0.555017 74.0865 370
0.844075 -6.79105 402
-1.8503 220.319 759
0.255999 125.186 402
-0.934967 193.925 766
0.969489 44.9454 800
0.663934 30.119 337
-1.15785 351.48 58
0.0179211 178.523 607
-0.941922 270.849 524
-0.959777 306.083 199
0.429165 92.7663 646
-0.555653 269.867 142
-0.76362 313.693 482
0.0262092 173.528 606
0.154332 147.393 363
-0.0127649 176.276 401
-0.0185544 176.072 640
-0.0191696 177.205 771
-0.0628612 182.028 612
0.492377 84.6942 394
0.926153 -14.5216 402
0.381287 112.696 570
-1.40362 461.608 494
-0.183868 176.028 812
-0.0287373 174.241 499
-0.463165 251.952 259
0.615402 64.7686 321
0.504689 89.7359 98
-0.130118 190.839 748
0.5332 92.9728 61
0.582853 74.7568 136
-0.711729 295.346 44
0.536813 91.0893 252
0.791724 42.1502 132
-0.163813 186.957 774
0.0530989 162.445 420
-0.0317959 177.608 339
1.07044 -5.95583 183
-2.42716 587.706 453
0.110876 155.015 241
0.0170719 171.941 918
0.0746994 161.096 994
0.0927137 157.603 177
0.0223715 169.483 775
0.880097 22.5582 321
0.550917 89.8546 252
0.0542081 177.936 908
0.648049 64.3556 205
-0.231293 194.126 671
1.20572 -31.8352 301
-0.977012 349.936 366
0.35965 108.253 137
-0.174411 202.276 183
0.244604 147.451 464
0.907206 -9.10778 375
0.284688 127.443 99
-0.250262 177.434 799
-1.59964 420.001 494
0.34217 111.195 270
0.188028 132.061 368
-0.0376714 173.152 774
-0.0184399 171.694 537
0.24862 126.743 370
1.00876 -21.4495 277
-1.39453 214.999 731
0.305173 116.207 443
-0.865554 190.994 759
-0.115524 190.958 394
0.459805 81.2688 173
-0.635726 212.168 327
0.194788 142.842 761
-0.934769 337.099 452
-1.17501 237.678 497
1.23071 -37.4266 301
10.9039 -1883.28 203
-1.61908 459.586 387
-2.41003 565.677 115
-0.141105 182.233 704
-0.661813 187.839 893
0.026364 167.961 368
-0.837694 307.435 108
0.404283 138.057 779
0.102117 152.262 656
1.13772 -32.3053 277
-1.24893 209.758 731
0.512118 95.4682 570
-1.39403 460.307 494
0.17908 136.487 198
-0.0334877 175.888 445
0.762657 37.6106 129
-0.0531614 183.235 625
0.055964 171.847 577
-0.0462944 183.122 772
-0.144004 206.422 485
-0.273775 222.538 59
-0.277652 228.462 139
-0.0503724 186.575 944
-0.817607 315.385 211
-0.255419 190.338 708
0.35491 120.176 56
0.5341 86.1647 380
0.335513 108.648 506
3.35626 -435.449 175
-0.583441 260.995 145
0.77437 46.8076 379
0.213379 138.738 97
0.550912 80.9592 321
0.402137 114.16 58
0.0778658 167.139 919
-0.476788 223.732 389
-0.0485284 183.824 729
0.892651 26.1736 269
-2.11586 556.83 484
-1.1517 369.472 377
-0.246062 221.552 314
-0.382163 246.818 257
-0.120265 200.733 506
0.0568 170.226 679
-0.833324 228.884 678
-2.18491 251.441 842
-0.205304 178.847 799
-1.64817 425.196 494
0.372383 108.503 269
0.322662 121.001 580
0.178424 137.789 646
-0.476342 258.005 257
7.70212 -123.61 756
-1.02263 225.659 750
0.278828 123.552 474
0.355807 111.364 350
-0.0111425 170.316 744
0.171905 141.036 474
1.1845 -46.6498 491
0.726417 1.23296 575
0.623359 56.616 488
0.966475 -8.73827 364
-1.26728 248.197 497
0.753835 41.4704 301
-0.184311 175.157 854
0.165786 143.71 772
-0.70426 290.076 91
0.339837 109.707 663
0.093491 153.045 909
0.103212 154.675 924
0.0869056 150.246 560
-0.106901 184.422 654
1.17371 -33.9271 308
-1.00585 219.64 750
0.134123 142.963 381
0.419848 87.5426 199
-1.40687 461.974 494
0.152186 148.479 62
-0.280205 182.413 782
0.0228974 171.634 174
-0.438969 254.329 352
0.0245116 175.021 744
0.0197575 177.129 414
0.0327543 174.97 535
-0.044039 181.462 873
-0.0379254 183.043 695
-0.350694 245.017 233
0.20754 146.101 370
0.525402 73.7114 238
-5.52636 1153.35 387
0.151488 154.37 412
0.362646 114.303 413
-0.282136 201.87 376
1.52947 -94.3181 360
0.105243 159.766 864
-0.233245 214.405 142
-0.0568386 180.396 731
-0.0395284 185.092 498
-0.419846 195.76 802
0.557538 76.8445 205
-0.214831 220.748 230
-1.91106 230.037 763
0.581892 84.8085 376
0.68115 70.4878 177
-0.378253 191.761 763
-0.140958 204.935 412
0.03468 174.134 865
-0.0286766 182.762 515
-1.62526 390.706 573
-6.34401 1234.94 175
-0.154398 179.612 767
-1.72194 438.559 494
0.196935 144.559 570
0.0259796 168.624 493
0.197181 150.341 730
-9.26488 1754.07 321
-1.11582 225.002 750
0.0757548 158.929 375
0.358869 108.512 506
0.202515 134.679 473
0.0171214 167.924 909
-0.181847 175.681 885
0.262189 117.33 493
-0.879559 223.666 337
0.2106 137.374 390
0.391793 116.528 463
-1.14795 230.561 497
0.923806 -3.43436 205
0.0425236 164.936 584
-0.200882 172.82 854
0.934934 3.56397 338
0.0366029 161.163 145
-0.0173038 168.595 543
-0.76616 297.048 297
-0.2484 204.916 102
1.05515 -13.6394 339
1.03644 -11.9062 215
0.12583 144.616 412
-0.373236 223.089 48
0.204558 130.444 369
-1.41029 462.405 494
0.646833 67.3212 132
-0.078251 185.521 538
-0.0175018 175.174 674
0.049064 165.235 574
0.555539 78.2178 353
0.0256187 173.526 771
-0.0244215 180.956 833
0.647161 63.1119 355
0.371591 116.148 160
0.0558976 172.467 577
0.673639 55.5869 403
-14.7485 2896.28 171
-0.832344 244.563 439
0.0870678 165.36 309
0.267443 152.924 859
0.622881 97.8701 463
0.243561 132.189 303
0.0339324 170.497 413
-0.0214642 178.572 712
-0.0803437 182.424 584
-0.549788 257.487 62
-0.0447546 183.725 836
0.250664 135.862 231
-0.739228 313.459 484
0.278208 126.183 716
-1.21532 218.174 821
-0.413929 249.929 300
-0.201279 212.18 183
-0.167488 207.566 309
-0.151163 204.816 249
1.69253 17.1562 644
-1.51357 296.959 809
0.960802 -4.82593 303
3.56867 -448.782 386
-1.96236 495.344 494
3.16841 -368.323 352
0.368094 111.482 338
1.13026 -21.075 339
0.732358 32.0424 215
0.0849928 160.037 241
0.313799 119.053 277
-0.511064 185.836 759
0.0217075 169.307 917
-0.0141824 172.616 690
0.583406 64.4633 364
0.623388 56.2188 237
-0.874687 232.533 678
0.791669 9.70129 646
-0.675169 194.939 806
1.26915 -111.181 593
0.688628 43.9118 237
0.0343264 161.705 493
0.0929623 151.15 359
-0.357065 179.112 638
-0.620288 267.824 142
0.308772 113.251 90
-0.0501893 174.984 512
0.600147 64.1574 370
0.861415 -4.74485 402
0.13141 144.239 308
0.108006 147.816 309
0.943043 18.174 749
0.558007 59.7236 692
-2.13487 571.123 494
0.219224 169.514 811
0.0332763 176.436 421
-0.0603677 188.009 696
-0.596948 288.597 232
0.546332 86.8549 135
0.580422 82.0894 99
-0.0185794 177.415 680
0.0619167 166.95 733
0.0913647 163.368 748
0.0656651 172.901 780
0.286321 138.07 463
-0.780681 233.293 369
0.552326 65.3453 744
-0.0353846 183.073 521
0.0768402 156.984 223
-0.840289 207.633 821
0.198407 142.042 407
-0.0441661 182.974 520
0.526061 82.2634 226
-0.0554007 177.567 854
-0.182113 182.813 638
1.00793 -0.225113 347
1.2092 3.86999 466
0.181396 147.231 408
0.116324 157.191 381
0.669755 88.881 463
-0.920902 200.006 763
-0.1606 203.474 340
0.149668 151.643 489
0.0205204 175.673 712
-0.872087 240.059 803
-7.14248 1384.48 175
1.43614 -66.5287 439
0.860187 57.8178 538
-1.83833 466.889 494
-0.543809 209.274 889
0.679822 61.8739 349
0.870136 -5.77608 402
-1.33955 210.258 759
0.764311 24.4903 515
-1.51378 224.874 842
0.328584 116.069 338
-0.0428232 179.554 489
0.177646 143.185 394
0.616092 60.9652 349
-1.46531 208.141 763
1.65792 -176.215 494
0.937332 -5.08741 337
0.522501 94.1563 343
1.35984 -125.173 593
-0.147418 180.734 855
0.155269 142.851 336
0.0386548 166.287 891
0.0198723 166.278 914
0.496224 80.5315 507
0.229648 123.748 516
0.429612 98.6289 111
1.07704 -28.4706 277
-2.97701 243.194 759
0.905518 14.2016 382
-7.09396 1212.65 55
0.972659 55.717 759
-2.43923 518.436 363
-1.69865 370.505 389
0.031443 178.534 714
0.217889 148.937 252
0.0162649 185.307 666
-0.285647 195.434 843
0.0277831 183.468 701
0.0979943 172.45 955
0.414553 116.147 58
-0.0192859 178.814 606
0.0659749 166.985 498
-0.203002 199.695 740
-0.578497 230.108 740
-0.244172 133.528 740
0.690414 64.2997 854
-2.9256 671.623 321
0.293823 114.589 516
0.46446 83.4864 494
0.296536 113.496 462
0.154382 149.356 271
-0.111 183.562 709
-0.131634 179.339 889
1.33456 -48.266 284
0.95675 8.90274 474
-0.900049 267.554 439
0.242983 144.086 463
-0.315952 185.201 759
-2.60846 586.27 80
0.144298 172.495 630
0.179433 169.098 914
3.63811 -451.122 326
0.797695 156.444 669
-0.261628 231.678 447
1.3948 18.2578 497
1.28197 -14.2598 270
-2.14318 263.143 725
0.954251 48.2395 807
-0.181475 222.732 351
1.07034 -27.9441 277
-1.34719 221.269 731
0.200196 145.469 748
0.804356 70.1453 923
1.6541 -116.485 338
0.114871 154.566 141
0.0866835 159.367 372
0.0778673 161.969 408
-1.10264 193.592 806
-0.157199 180.324 806
0.5965 73.2219 270
-1.34673 171.058 725
0.998824 3.41663 438
-1.60289 202.446 806
0.147721 142.959 400
0.0853289 153.24 206
0.139255 145.004 352
-0.073995 180.616 110
0.0170646 165.625 312
0.258611 118.989 335
0.916927 -13.7654 308
-0.997275 223.483 750
0.10993 147.552 402
0.905511 6.17235 439
-0.389526 123.904 678
8.1159 -1331.46 160
-0.869222 268.898 277
2.44018 -241.267 541
-0.513415 264.935 105
0.732163 47.5806 235
0.574454 80.7067 256
0.600655 73.1338 235
0.560267 84.421 256
-0.451634 256.429 99
0.636389 71.4826 268
-0.0409467 186.79 199
-0.207754 188.104 627
0.723208 95.673 644
-0.500752 187.125 273
0.15234 70.4956 873
0.233628 67.9858 735
0.636398 49.1631 412
0.723967 25.7874 368
-0.212469 200.728 431
-2.48083 231.213 825
-0.166565 186.676 625
-0.177392 186.583 626
0.314661 123.493 128
0.244705 171.171 880
-0.620938 201.696 630
-0.491414 181.124 765
-0.16954 203.79 561
0.0572949 170.197 570
-0.647336 199.595 806
-0.369597 244.495 438
-0.43885 220.299 804
0.57324 112.242 749
0.574761 86.8553 768
-0.629281 251.382 714
-1.58634 341.559 478
-6.72235 1334.56 323
21.5473 -3930.91 203
-4.50717 1011.53 485
-8.81984 1672.26 323
-11.7345 2194.59 315
-0.659844 213.17 704
0.391227 95.2069 679
-0.564121 190.648 825
-0.677946 197.55 638
1.30848 -52.8295 338
0.0786168 161.473 368
0.679099 53.3522 544
0.343444 120.133 650
0.0866906 160.528 337
-0.269234 223.263 576
-0.649089 208.731 271
-1.2736 221.777 842
0.741511 36.7842 744
-0.205571 178.553 793
-4.01084 917.622 203
0.132409 146.519 313
0.0373316 163.805 303
-0.0319975 174.726 434
1.26271 -46.9196 339
-0.694447 221.905 389
0.165597 139.774 277
0.877311 14.7606 349
0.902857 6.21478 587
-0.603066 205.571 383
-0.67431 187.695 550
-0.928313 184.532 465
-3.3158 742.782 494
-0.930464 336.67 352
-0.171993 204.244 111
0.507692 94.8801 105
0.607349 71.3061 267
-0.0220075 180.298 665
0.849286 31.634 290
0.169123 148.19 457
0.308148 122.06 416
0.0306941 175.341 765
0.99372 20.5113 478
5.85132 -840.632 98
5.36499 -768.319 98
4.98251 -717.62 98
-1.80201 232.707 731
0.771159 30.718 303
-0.114549 194.406 223
0.267719 134.138 273
-0.16005 190.94 732
0.229802 141.355 377
0.579598 85.5129 36
1.7694 -113.984 380
0.652904 56.8294 499
0.168617 139.834 287
0.248173 138.671 343
-0.263296 224.143 655
0.720667 58.3952 263
-0.306884 225.335 656
6.17988 -948.978 384
-5.1687 1038.16 44
3.25167 -394.469 175
-0.183759 165.305 127
-0.88525 215.197 478
-0.493693 173.256 463
0.454256 39.5785 625
1.16919 21.941 758
0.734756 20.4043 497
-1.82484 193.92 875
-0.485297 182.172 925
-0.779464 296.648 494
0.359472 116.74 411
-0.889943 333.997 387
0.714896 55.3382 345
0.588347 41.3729 687
-0.230353 186.46 839
0.600361 63.2768 237
0.322651 118.583 333
-0.267956 226.102 172
-0.770898 235.102 337
-0.869687 203.459 856
0.763935 41.9011 744
0.0714213 162.774 492
0.546149 74.9268 436
0.652715 61.7053 378
-0.186763 194.36 712
0.825046 35.8245 370
0.958075 -16.1596 381
-0.515843 182.75 840
-0.172919 173.25 923
-0.620741 180.056 793
2.64144 53.4675 818
-0.541491 232.1 31
-0.602655 181.376 439
1.52556 30.8653 727
-3.02498 698.611 494
0.25162 114.613 399
-0.257593 188.967 666
-0.389602 203.96 870
0.171205 147.652 177
0.0637841 166.273 1001
-0.0235895 177.567 729
-0.0385245 179.09 730
0.0472533 173.297 795
0.161478 147.322 661
0.20372 142.401 95
0.575891 89.2149 453
-0.140433 205.422 646
-0.685764 207.303 465
0.887888 18.5528 491
0.652743 51.5041 335
-0.201827 219.769 430
0.319559 117.067 368
4.28125 -539.744 242
0.797334 46.0177 377
-0.020964 181.268 642
0.950168 7.74365 489
-0.291752 187.741 806
0.269629 133.24 273
-0.213783 204.45 310
-0.444813 218.634 543
0.718632 60.3196 369
-1.46677 242.242 766
0.332817 148.705 138
0.147461 185.433 277
3.25715 -391.296 175
-0.194785 168.9 127
0.621467 35.0361 497
-0.146278 146.097 607
6.19599 -1004.04 131
0.918831 -96.8346 177
8.77933 -1334.71 86
-0.112909 153.393 770
-0.133807 153.545 607
-0.499796 217.502 376
0.102803 160.599 209
0.292831 126.855 411
0.42986 105.282 241
-0.433912 203.768 775
0.398521 110.412 497
-0.3451 190.879 827
-0.12017 197.524 237
0.639229 62.3338 355
4.35318 -621.781 175
-5.44571 1093.06 175
0.803517 36.6623 744
0.0702994 172.192 804
0.99178 15.2349 77
0.132842 148.653 303
0.497655 88.5271 411
1.08157 -20.1763 412
-2.573 240.193 759
0.947618 19.8224 478
1.10975 15.0579 464
-2.95226 269.966 812
-0.326817 205.686 303
-0.24636 189.895 335
4.54657 -689.333 322
-0.418943 176.686 368
-2.45687 615.634 494
-0.635669 217.4 792
0.356751 103.787 401
-0.212037 180.704 853
0.524783 157.532 817
-0.0141481 176.519 531
0.019551 173.955 466
-0.254693 216.574 102
0.191198 141.535 334
0.132129 153.701 381
0.255991 168.034 807
0.363049 131.993 485
0.716064 45.158 485
1.0012 24.1812 463
0.298064 124.852 608
-0.491416 234.214 543
-2.47709 265.954 842
0.351286 113.782 401
0.751859 47.885 480
-0.255017 186.394 804
0.604134 73.693 394
0.653396 66.426 350
-1.97856 530.13 366
0.172617 149.121 732
0.633853 60.5511 608
0.50293 66.1857 422
-11.0792 2085.69 481
-4.66643 991.293 175
1.00882 8.12254 517
0.145746 186.711 309
3.69695 -467.06 175
-0.156322 163.003 127
0.774574 23.6987 497
-0.141479 160.696 543
0.105579 115.239 702
-0.840897 199.557 301
-0.434301 155.356 648
-5.70482 1135.61 137
-1.74377 204.289 842
-0.544088 222.409 376
0.326536 110.246 525
-0.139517 203.272 544
0.917444 7.94012 488
0.309461 122.744 364
-0.573809 226.829 472
-0.221965 186.403 806
-0.0518993 185.008 563
-0.466678 202.283 648
-1.34967 344.905 573
-0.590235 193.855 702
0.548562 67.2848 744
0.171909 147.951 359
0.0485734 170.411 833
-0.254519 182.648 638
1.19842 -40.6888 308
1.02834 -18.1983 309
0.347581 109.986 358
0.737906 42.3439 480
0.166689 138.931 459
0.198216 140.74 63
0.864186 12.4516 488
-0.204886 185.294 270
1.20838 -78.1059 453
0.406705 78.7184 463
-3.06488 707.174 462
0.123337 157.993 463
0.361036 115.999 375
0.573605 67.528 198
0.136828 171.32 820
-0.167946 204.97 230
0.0189468 175.367 706
-0.0970834 181.276 781
0.117876 156.963 402
0.0245211 173.623 615
-0.520329 288.586 494
0.403407 124.157 485
0.822094 42.5492 175
-0.478269 182.646 853
-0.350912 191.295 803
-0.1676 186.54 804
-1.32612 233.488 725
-0.834377 209.959 725
-0.31657 222.204 573
0.151425 155.431 375
1.13274 -25.0591 489
0.168073 146.491 381
-0.115444 181.937 831
0.163813 149.333 440
0.243039 139.583 342
-0.376866 198.649 497
-0.939615 293.804 454
-0.404429 217.375 191
0.894517 86.3016 497
0.0790394 199.535 113
3.67902 -462.676 175
-0.123298 156.338 127
-0.499031 157.604 762
-0.115026 158.146 543
0.233688 86.3663 494
-0.359405 105.027 732
-1.14558 171.262 727
-9.47805 1693.19 154
-6.06519 294.661 763
-0.632033 231.427 376
-0.296234 221.399 605
0.0638031 174.735 835
1.10412 -21.5928 488
-0.108551 184.16 826
-0.350694 223.402 524
0.511075 80.5763 646
0.136892 156.1 396
1.19773 -39.7014 488
1.089 -6.95022 438
-0.624801 200.963 471
1.11971 21.4799 497
0.80201 28.1378 486
-1.16285 208.877 842
1.36676 -60.5946 339
1.0897 -26.9489 340
-0.101977 175.266 854
0.430784 68.0565 400
0.183996 140.034 440
-0.103707 186.342 269
0.119742 165.104 803
0.526801 88.1094 375
0.995375 110.866 842
-0.308629 185.308 497
-0.451635 177.616 740
-1.55281 361.724 376
-0.213183 181.03 853
0.448479 99.6548 295
0.0919936 160.483 608
0.148372 150.778 491
-0.0212882 179.722 530
-0.0779963 191.811 963
0.136251 156.28 412
-0.367628 188.668 759
0.0211898 175.143 471
0.31829 160.598 497
0.387594 136.126 175
0.858491 37.2991 175
-0.460394 181.565 760
0.491466 99.3167 344
0.571133 89.1778 177
0.794594 50.7905 407
0.616991 76.0325 375
-0.356913 256.525 525
-0.953455 336.421 392
0.660334 66.2636 215
-0.322136 190.833 806
-1.0533 368.629 484
-0.925852 322.236 48
0.0774777 171.226 554
-0.640831 227.156 497
-0.642381 252.502 454
-0.68073 267.524 603
0.643574 113.649 498
0.0382256 207.094 523
3.87258 -497.925 175
-0.403407 159.238 465
0.583456 8.06761 389
-0.692077 161.597 804
0.80784 -27.541 485
-1.00048 225.532 301
0.537946 54.1208 273
1.12415 -67.2486 169
0.726726 22.1456 94
-0.673593 258.676 357
0.725851 54.987 448
1.47512 -79.8684 279
0.485413 98.8752 518
-0.838872 219.26 628
0.706818 43.5473 339
-4.71927 872.335 58
0.0928438 169.231 597
-0.687571 275.16 493
-0.350006 216.956 650
-0.899598 253.209 358
1.15975 21.0036 497
-0.659917 209.891 617
-0.463825 210.534 421
1.15134 -40.5453 371
-0.0676892 177.208 854
0.724614 49.1852 338
0.295783 121.785 335
0.170218 142.578 440
0.0693171 158.63 301
0.0614645 159.809 351
0.501791 61.6984 652
0.541146 68.43 656
-0.50943 201.517 698
0.546479 45.3185 463
-1.82043 523.85 494
0.223068 130.195 494
0.280445 120.733 399
0.0913538 161.537 272
0.186422 145.205 301
-0.055809 179.933 792
0.0959457 164.056 277
0.0723455 171.893 701
0.811427 55.4161 84
0.22358 147.3 56
0.345176 162.637 497
0.363314 135.051 485
0.786641 51.4321 175
0.965343 33.8128 463
0.875017 26.3228 396
-0.530776 294.746 525
1.11202 -26.6985 608
10.4821 -1698.15 513
0.0525591 180.202 804
0.721884 44.5859 443
-5.37271 312.903 763
0.54471 80.3562 237
0.285804 133.918 344
0.156048 161.168 497
0.869958 33.103 339
0.53199 66.048 538
-2.19286 275.246 727
0.0581738 198.461 399
-0.0319012 215.96 263
-0.0619211 221.218 396
4.09696 -539.295 175
1.91234 -214.697 175
-0.303869 108.107 273
-0.772346 162.147 804
0.221161 111.283 527
-2.39879 282.498 779
0.626269 16.9121 688
-0.703283 194.78 714
1.05713 -63.832 747
0.731917 -29.6242 747
14.9342 -2289.14 46
1.17 -145.949 2
0.990243 -113.796 0
1.04247 -126.638 4
1.17265 -2.53658 626
0.534947 34.4187 854
-0.934768 246.706 560
-0.681029 166.061 665
1.06352 -63.3767 747
-6.59105 1280.43 386
-0.938161 249.827 371
1.01215 2.58654 690
1.61972 -214.503 517
6.59662 -1013.42 314
0.0459969 168.917 596
0.260221 129.334 507
-0.280772 180.93 890
-0.922207 184.227 789
-0.763611 199.48 842
-0.277867 182.893 631
-2.31757 236.547 766
0.441049 114 337
-0.429811 201.642 803
-0.559434 175.283 497
-5.75976 1283.29 485
-0.058311 179.09 735
0.320108 123.024 440
0.172989 148.07 301
0.0801181 164.392 273
0.118844 157.969 318
1.61813 -110.381 314
5.57998 -86.3766 801
-0.885807 205.524 911
-6.85833 1383.55 386
-1.09324 237.9 667
-3.80323 748.072 61
0.637303 99.8363 496
0.582075 93.2767 495
-0.61734 196.116 913
-0.492914 201.131 921
-8.49606 1452.07 54
0.698695 29.21 548
0.425989 101.144 769
-5.08219 1069.63 137
0.524133 92.9324 697
0.398423 101.795 769
0.936101 81.2586 774
0.433784 88.4622 769
-0.925374 206.503 465
-0.516254 211.846 375
1.02677 38.2168 273
-0.0986341 221.378 376
0.0266456 207.132 223
0.553677 120.407 382
-0.984264 224.667 708
1.2085 -117.492 517
0.668724 -9.36743 588
0.919456 8.65853 528
-0.638595 230.532 686
-0.770156 230.136 382
-0.903722 252.013 521
0.962751 17.2837 837
-0.876049 195.688 692
-0.84648 199.375 692
4.66079 -665.789 98
0.844669 28.4652 911
0.860469 12.1378 909
0.843621 15.6469 909
0.737499 50.6037 911
0.723152 21.4471 910
8.46218 -1424.01 386
6.33976 -955.517 98
-0.876706 198.605 691
0.875386 29.8065 922
0.938397 -26.3713 421
0.736569 9.42778 705
1.06909 27.5565 892
-3.33414 734.082 485
-0.32034 193.485 905
-0.192611 154.576 795
0.202095 107.003 407
0.289163 93.7332 408
-6.14863 1178.85 90
0.166519 121.025 535
0.458288 102.257 401
-0.994079 221.274 725
-0.315431 198.009 807
1.94476 -244.121 485
-2.35229 604.706 494
-0.0629797 187.876 240
-0.42104 237.019 295
0.504925 93.5851 379
0.0867041 162.199 308
1.80145 -130.611 119
-0.186757 171.939 533
0.605331 67.7887 804
-0.434365 146.451 382
-0.468198 156.06 762
-1.45296 315.238 463
-4.08464 273.531 763
-0.222852 198.215 776
0.54726 87.3767 702
-0.291984 124.273 702
2.35107 -64.8326 779
0.372133 43.8506 744
0.68762 23.7129 407
-4.28402 890.312 137
0.375078 59.7257 309
0.430344 63.5729 572
-0.275989 174.044 718
-0.419299 184.009 463
-0.457192 164.56 859
-0.657574 171.806 497
0.697693 53.0979 635
-1.19784 251.957 836
0.959479 43.2375 692
-0.941104 296.775 560
0.407165 81.8088 530
-0.693261 214.752 746
-1.15386 300.892 654
2.05584 -192.93 221
-0.947947 261.893 749
-1.15232 336.921 746
-4.41455 316.418 766
-0.760466 272.114 369
-0.50321 238.784 177
0.0399535 150.951 406
0.0855515 144.679 191
1.34173 -92.5059 488
0.638486 27.4907 538
13.5866 -2085.21 38
7.19276 -1187.41 417
-4.63877 811.243 59
-0.573629 158.703 913
0.465072 60.1265 769
3.66134 -506.8 388
-2.62888 570.364 177
0.692947 23.2006 109
-0.0841441 148.301 840
-1.21734 323.367 60
0.333418 90.3986 664
0.877116 -10.6678 295
0.323637 87.8494 406
0.869459 4.4883 253
0.302581 95.1139 577
0.425092 47.7794 526
0.367779 61.8702 238
-0.361402 195.894 898
0.656035 96.8077 497
0.479494 85.6145 400
0.263489 146.212 376
4.43635 -632.024 175
-2.32028 596.128 494
0.177322 149.467 98
-0.211867 205.334 191
-0.125077 186.474 707
0.122309 160.459 375
0.375793 96.2341 199
-5.50295 1076.47 89
0.558217 57.737 705
-0.817231 179.111 750
-0.377369 162.007 740
-1.49992 317.44 463
0.335851 132.752 635
0.617509 81.9881 1009
-0.42933 225.652 556
0.42259 82.1331 666
-1.54251 310.815 555
-1.5279 236.092 841
-1.0941 258.134 498
3.70392 -29.9556 825
0.458377 68.2818 530
-12.0614 2084.69 114
0.210007 115.116 530
0.368561 92.8116 376
0.402672 120.467 708
0.916476 21.1465 555
-11.7347 2086.24 154
4.45074 -645.584 135
0.701375 0.942431 589
0.486325 43.0827 715
-0.143985 161.224 375
-0.824448 286.505 280
3.1253 -378.235 136
4.00589 -478.542 286
2.53169 -261.818 197
-0.0493863 218.81 833
0.83853 57.1352 172
1.34928 101.489 727
-0.0886913 174.454 301
-0.205349 175.904 778
0.0574625 153.968 927
1.07362 -73.8483 574
0.901939 -63.4843 493
0.50086 22.0801 173
-1.00312 247.838 518
1.46212 41.6234 789
-0.888058 244.692 622
-2.31113 456.126 48
-0.655121 160.83 761
-0.901004 196.863 776
0.820548 -24.2714 295
-2.65289 222.652 881
2.85085 -400.671 169
-0.474043 164.166 758
0.475294 47.7984 399
-0.629455 238.38 346
-0.28617 183.745 546
0.198793 109.566 680
-0.314608 147.159 650
0.62177 24.4827 273
0.225061 100.446 983
-0.55419 218.422 312
0.293385 143.602 702
0.377562 128.957 376
3.61774 -547.085 485
-2.41789 612.434 494
-0.0681133 190.832 952
-0.186843 205.78 223
-1.77803 480.376 175
-0.325904 208.745 337
-0.126211 168.828 618
0.68766 50.4204 938
0.348874 114.383 925
1.95141 65.6639 752
-0.529482 194.979 775
-2.74491 581.314 142
-0.471871 169.445 680
-1.3199 326.899 659
-0.914339 287.408 593
1.16862 0.209851 800
0.814488 -39.7726 573
-0.402263 131.881 732
-1.26464 300.751 867
4.22798 -537.264 60
1.08722 14.2171 496
0.98049 -9.33626 392
-0.261943 193.874 574
2.36849 -286.691 204
-4.78554 987.369 321
-3.33815 721.618 139
0.64412 33.721 746
-0.370425 185.047 715
0.315271 108.061 708
8.31709 -1111.58 53
-0.464677 235.438 746
0.283306 134.003 498
3.05789 50.396 752
0.336868 138.617 558
0.399308 136.203 549
-0.448204 228.243 759
0.225415 180.067 382
5.98272 -11.4673 763
-0.295389 168.914 889
-0.326096 171.177 889
-0.237305 190.999 596
0.18156 132.767 614
0.261377 119.198 421
-0.232638 165.384 887
-0.533899 191.305 677
0.247113 120.074 421
0.212065 131.174 704
3.48068 47.0887 880
-0.266719 189.353 277
-0.727194 247.587 967
0.79214 -15.1363 737
-0.204186 159.357 535
-0.171285 161.326 530
-0.0648816 156.278 537
1.75844 -207.871 485
-1.15207 192.664 667
2.46922 -274.075 89
-0.389956 194.864 593
0.725969 68.9667 725
-0.325862 151.537 794
-0.199038 154.314 838
0.339995 98.1279 495
1.18872 26.6988 496
-1.20343 221.474 789
0.884981 -3.18088 526
-2.64486 647.018 462
0.0971082 165.171 308
0.103315 168.462 744
-0.347858 204.118 421
-0.41205 174.999 760
0.335025 105.284 625
-3.06265 666.457 89
-1.71689 409.916 59
0.289438 110.89 945
0.189895 122.663 241
-0.593329 184.064 775
0.849437 27.049 273
-0.491541 149.083 497
0.29522 86.1029 744
1.00758 51.8318 809
-1.00689 249.713 542
-0.37743 97.5558 838
0.464386 23.7632 556
-2.3038 401.952 955
-2.81559 236.886 875
-3.9405 720.977 59
-0.943333 215.437 465
-0.535215 210.52 560
1.53921 38.4057 627
-0.963616 251.662 749
0.783354 56.9152 713
0.901069 19.9435 560
-0.41855 213.026 840
-2.17772 552.183 252
0.207952 157.546 583
4.02495 -472.004 86
-0.38275 220.186 528
-0.197145 196.635 750
-0.116561 223.485 588
-2.77263 310.362 813
-0.146888 225.262 775
-0.489864 234.573 357
0.382486 118.444 598
0.466398 109.405 596
0.754928 58.1278 596
-0.709403 214.531 706
-0.954959 243.19 709
-1.01063 237.347 709
-0.902478 207.731 704
-1.09667 229.414 704
-1.13581 252.101 709
-8.3845 1518.84 105
-0.83826 212.405 705
-0.573103 184.77 706
0.385122 100.469 597
0.207833 130.369 599
0.319498 129.693 795
0.20907 129.032 911
0.641846 29.5259 312
-0.713642 158.997 855
1.08169 -72.9398 717
0.764255 49.615 780
4.76761 -694.731 321
-0.448848 152.353 807
1.46516 -7.37771 777
-2.10552 480.739 253
-6.99626 1191.91 59
0.874217 29.4461 693
-1.18602 266.89 590
-3.12454 717.063 494
-0.102236 189.333 750
-0.857485 237.16 497
-5.11294 1029.46 175
0.905731 -12.5594 263
0.254167 108.725 698
0.400043 81.1576 183
-0.295477 176.305 599
0.427234 105.142 617
-6.83501 1219.86 100
-1.69203 433.59 132
-0.809052 247.563 493
-3.85509 764.943 283
4.55806 -667.904 252
-0.624677 189.845 615
-0.631289 173.573 557
-1.03971 300.482 462
-0.586587 216.309 740
-0.437733 156.065 465
-0.387825 151.027 712
0.285514 41.9221 698
0.901363 31.3343 750
-2.68224 276.938 731
-0.645292 285.356 747
0.208078 170.684 619
0.59056 93.0124 485
0.220452 166.424 683
0.190057 157.74 666
0.286865 140.81 109
-0.213074 221.733 383
-9.82996 1851.36 89
1.06417 4.463 333
-0.211067 219.996 688
1.04568 35.9951 382
2.26353 -243.237 717
-0.85668 304.549 560
-3.82933 765.542 140
-0.46121 124.4 665
-0.543301 141.247 658
2.23811 -25.4141 805
0.254569 -1.42537 14
0.063666 32.4295 747
-1.08166 232.627 129
-0.680854 148.309 580
1.34695 -7.46719 842
-0.516657 128.856 370
-1.20554 270.897 402
-0.109925 58.4732 277
0.322301 -16.3696 5
-0.449512 118.944 664
-0.503513 123.754 665
-0.546992 133.832 665
-11.2116 2128.55 385
11.1208 -1741.9 44
1.08744 27.9208 885
-2.3995 226.197 842
0.995761 16.0766 800
-0.612939 206.527 836
1.07512 2.59037 734
-0.924743 193.935 465
0.60305 -0.852411 625
-0.17737 62.5624 277
0.49266 20.446 698
0.491441 -26.1984 593
-3.25867 735.074 494
-0.0200134 187.02 551
-0.768432 209.24 807
0.324745 64.0958 606
-1.01301 222.477 464
-3.17823 648.695 249
3.528 -32.9033 721
0.432031 67.4198 747
3.56199 -2.78253 724
0.243125 84.7453 873
-1.51526 165.837 875
-0.473413 171.371 636
-0.715117 144.699 667
0.704584 57.5309 704
1.09846 26.9779 837
-1.0171 225.079 697
2.48746 -209.734 980
-0.776929 164.757 497
-0.623113 137.326 465
-0.458967 126.947 712
0.398117 28.4512 735
-2.20887 454.893 491
-6.68103 1322.24 175
0.0401375 208.69 492
0.46189 138.812 189
0.157584 193.824 527
-1.49043 474.589 233
0.239205 166.03 804
0.140131 170.732 650
0.142324 172.332 656
-0.590273 226.459 923
1.60329 -123.793 717
0.661042 40.9719 624
0.5991 61.7479 865
1.32383 -123.163 741
0.250637 90.4313 740
1.08199 -154.533 485
1.23063 -162.164 276
-0.115645 48.8817 810
0.0675163 38.3112 706
0.683278 13.8948 628
1.30684 -9.27934 628
0.585217 12.5303 706
0.718659 7.9016 706
-11.5224 2211 197
-1.0388 241.666 277
-0.957296 210.105 444
0.471554 17.313 706
0.830322 23.3652 892
-0.10133 61.2943 740
0.611431 -58.3528 83
1.08901 -151.465 296
0.836753 -107.629 292
0.700041 -89.529 484
-0.808815 169.825 776
-0.877874 189.037 923
11.5667 -1799.97 44
0.863202 -8.49358 800
0.187699 3.66597 145
0.379824 23.496 765
-7.49892 1359.9 481
-0.176931 60.12 390
0.271087 19.8605 854
-7.04014 1238.08 87
-3.31392 744.416 494
1.03304 10.3181 691
-5.24435 1017.7 139
0.573956 26.1245 635
-0.382261 115.347 421
0.440976 29.946 633
-3.2398 577.947 58
0.764043 62.3741 632
-0.252992 108.98 889
2.4188 -18.0583 883
-0.346284 110.26 809
0.873616 -66.5193 392
0.525955 65.6836 854
0.701731 49.8396 646
0.0579492 192.839 826
0.54894 98.0826 199
-0.168092 219.502 607
6.23097 -980.236 175
0.375148 21.6493 750
0.318235 26.2592 617
0.145683 32.8923 803
-0.218736 81.5253 732
-0.74054 260.627 376
0.446557 135.654 403
3.4033 -366.576 285
0.290951 160.244 964
1.41194 -29.3811 285
0.534446 90.371 382
-0.535445 214.904 838
-0.610916 270.51 560
0.497585 79.5223 558
0.628905 51.4939 58
-0.351028 177.098 840
-4.17905 790.877 55
0.906415 -6.87796 655
5.49977 -777.513 136
-15.2903 2813.25 228
1.04958 10.8717 909
-1.21319 311.106 747
0.778684 41.7823 658
0.473722 99.6476 658
0.240338 140.24 658
-0.217748 212.655 28
-0.118405 196.735 28
0.598547 75.1064 507
-0.608767 177.351 853
-0.0934171 176.923 625
0.246284 132.155 664
0.556294 77.9348 664
-0.921967 208.024 633
0.932386 10.4349 665
1.08983 24.4647 911
1.11014 12.5509 912
-0.946028 225.697 769
2.50509 -328.393 286
-0.386552 121.462 678
1.25803 -167.403 46
0.826168 -15.4523 792
0.0834785 24.0259 635
-0.185738 60.0223 251
0.130745 24.8425 793
-0.27824 64.5184 497
-0.249494 68.9029 474
0.206408 15.1239 750
-3.48265 767.445 494
-0.377804 108.041 535
0.422021 61.9241 760
0.508148 -3.5783 904
0.45204 34.8085 910
4.1526 -609.857 97
5.29705 -697.439 59
3.64927 -414.791 62
-0.716278 141.874 795
0.210639 80.7664 534
-3.02171 608.603 137
-0.272851 112.678 337
0.0441789 78.2456 743
-0.775217 216.723 702
-1.2467 240.472 756
0.466928 124.996 263
-0.588532 221.436 760
6.59796 -1028.09 175
-0.0915054 48.5717 872
-0.29951 89.3065 438
0.23387 33.6592 760
3.06495 -486.726 452
0.575964 97.2573 712
-1.0434 234.596 789
-6.32188 1217.75 108
2.01382 -195.174 717
0.669066 71.7279 557
0.438646 84.6833 558
2.25469 -222.03 87
0.223996 114.155 526
0.27101 125.887 779
0.281977 130.91 708
5.66817 -701.526 59
1.0599 -2.83581 560
0.755419 62.2947 652
6.31355 -103.944 721
-0.996397 207.938 725
0.0645284 168.505 769
-0.0664052 181.954 837
-0.086842 186.24 704
-1.54782 427.371 108
-0.0538664 183.505 914
-1.77307 462.571 105
0.0751329 168.92 734
-0.490275 188.24 822
0.292759 135.427 710
-1.00058 338.371 274
0.14738 146.688 175
-0.0458031 176.437 856
0.320671 161.267 883
-0.0341734 177.091 707
-0.770897 296.328 73
0.0415706 166.943 519
-0.309892 189.882 465
0.569464 -8.96735 745
1.03497 54.0764 885
1.1558 -153.322 249
1.65995 -3.4455 789
-0.790289 146.376 466
0.0401449 24.9944 776
-0.49634 110.945 382
-0.460596 117.072 580
-0.315309 87.4562 371
0.143102 20.8796 760
-3.3877 754.937 494
-0.985291 241.83 403
-1.65996 341.591 985
1.24737 -69.2876 905
-0.813553 222.021 536
8.57889 -1360.49 323
1.38168 -28.4944 604
0.989125 -42.0504 747
-0.518973 171.454 537
0.342578 23.0263 335
9.64895 -1576.77 90
-0.714787 213.879 716
0.204775 74.7352 706
0.570218 74.4636 854
-1.51407 247.056 842
0.294863 154.583 295
-0.715441 254.935 732
5.19279 -815.2 175
1.04535 -8.39188 705
8.70164 -1446.55 321
-1.0008 246.557 646
1.34785 18.1857 854
-1.03574 221.183 838
-0.810495 305.977 686
3.33664 -366.331 55
-0.30061 174.577 792
-0.44164 186.8 727
4.12616 -588.098 228
2.05428 84.527 669
0.808975 39.8203 588
0.665279 68.3476 560
0.574951 103.87 623
0.397163 138.794 624
0.494279 137.402 558
1.12216 28.2944 749
-0.925974 299.77 560
-3.97227 794.245 132
-4.15221 827.444 99
-0.151094 178.111 706
-1.36038 364.506 62
-0.541061 193.89 628
0.535909 65.3527 716
-3.63721 693.003 61
-3.97596 727.413 61
-5.29163 1003.49 136
0.839707 21.2167 693
8.53088 -1396.25 256
3.94267 -554.805 256
-3.90791 750.269 54
-5.45745 1084.16 317
-0.457685 192.304 833
3.60779 -509.508 233
1.43787 31.5622 778
-11.0632 2036.58 321
-0.471413 152.682 567
0.356223 19.3957 696
0.525983 18.5886 725
1.45293 18.1165 885
0.558765 25.1246 537
7.61482 -1103.9 55
0.744107 -7.84978 560
-0.738593 186.127 633
-0.857789 201.889 646
3.08713 -42.8961 846
-3.37134 753.758 494
-0.731302 150.146 912
-0.722672 152.935 912
-7.44615 1341.13 97
0.637918 3.02251 769
0.742768 8.98315 691
-6.45647 1171.79 97
-0.589629 128.582 924
-4.08842 752.713 286
-2.93418 582.384 138
-0.505381 147.049 909
-0.479894 143.007 909
0.433632 20.2365 747
-0.425482 122.12 464
-23.8691 4415.11 226
-0.893123 239.858 918
16.4966 -2788.3 354
-1.28897 181.657 729
-0.868093 249.881 714
0.671192 -11.7474 747
-0.882439 245.058 619
-0.49181 93.3186 778
-1.97413 458.303 485
-0.497585 174.558 800
-3.85165 810.211 316
-0.658533 234.114 749
0.954177 9.52585 685
0.841823 32.1416 560
0.819054 32.2531 619
0.0619515 203.546 826
0.886222 79.5279 955
-1.56044 271.026 627
1.11912 -38.4319 652
-0.755402 283.364 686
-0.45324 182.22 685
-6.68801 1215.79 87
0.721263 27.1142 731
-0.323708 102.601 665
-7.6069 1360.78 93
5.30238 -810.047 41
5.3305 -813.832 42
6.44347 -995.335 42
3.82199 -572.294 41
-0.552576 158.756 246
-0.22195 79.4417 740
-0.343559 92.0194 309
-0.423038 96.3667 800
0.5868 33.4886 633
0.596153 5.72205 773
-0.4993 114.016 910
6.07838 -942.651 41
8.17885 -1286.72 41
0.542608 -25.5038 746
2.48488 -23.2006 766
0.892956 -63.8476 502
0.591372 13.1403 833
0.471184 22.9139 854
-1.54432 426.178 453
-0.660617 189.138 497
-0.336717 176.716 734
3.11617 -310.253 59
-0.526863 243.874 541
4.90766 -767.796 175
-0.311315 81.5512 733
-1.86446 384.591 376
-0.234579 87.9513 236
0.806883 -85.7894 179
0.0282798 42.816 567
-0.419727 120.114 257
-0.0604582 56.1539 546
1.04201 -118.816 69
0.720721 -64.2706 48
-0.528321 120.089 463
-0.326342 105.822 494
0.932215 -106.408 195
0.0214597 63.177 771
0.3557 10.1099 186
-2.36186 444.599 70
-0.850301 224.349 439
0.50943 41.6687 413
-1.31877 189.849 781
5.27817 -820.701 175
0.699457 13.7794 497
-0.709179 122.567 638
2.58694 -347.508 99
-2.4612 579.007 716
-2.63372 615.123 717
-0.776442 252.607 692
-0.817106 294.605 747
0.743317 82.9947 151
-0.0540533 211.837 919
-0.143683 213.188 840
1.12097 145.82 721
-2.78917 671.123 321
-6.064 1211.53 321
1.06962 -20.8099 654
-2.36423 528.983 136
0.64904 -30.6737 687
-0.377025 131.888 560
-0.14463 70.147 559
0.842194 -93.9298 44
-0.259731 52.6835 812
-0.0408017 49.5261 510
-0.514771 135.797 384
0.221973 30.215 781
-0.241579 78.8012 139
0.0195963 34.9471 807
-0.328482 129.271 543
0.225031 23.1473 804
-0.912881 193.745 131
0.434443 4.61913 497
-0.74001 168.533 467
0.334766 -24.6456 40
-0.355687 92.0665 326
0.343946 -24.6806 185
0.0248469 27.6052 511
-0.746534 155.234 214
0.613049 -6.59016 833
-0.822034 216.98 593
1.0061 21.874 731
0.993239 -0.843461 812
-0.730929 174.371 648
-0.80597 205.576 497
-0.3279 195.313 836
1.37761 98.6192 781
0.734899 16.6219 230
1.01881 -76.9129 494
0.130325 34.1187 648
-2.99243 698.318 494
5.69565 -842.821 98
-0.793555 208.673 769
1.04498 19.4417 837
1.05896 14.9056 837
1.06142 12.8513 837
1.05416 11.3027 837
5.47679 -833.92 135
0.455262 41.3728 791
-1.14757 222.365 749
1.04859 30.5684 837
0.911869 41.3103 918
-0.887721 219.196 692
-2.03128 441.556 541
-0.76008 129.409 891
-0.90169 272.667 214
0.58006 106.337 705
-0.937198 256.819 390
0.940803 8.72361 369
0.650306 68.8803 714
-0.497735 241.918 557
-0.219783 228.709 776
-0.124497 223.53 701
-1.10979 240.148 788
-5.34808 1200.66 171
0.565158 81.9459 717
-1.90671 508 136
-0.340964 207.499 912
0.323831 124.667 747
0.314354 134.757 774
0.622881 66.8209 873
0.601292 -16.066 687
-0.559191 129.516 922
-1.64246 327.764 156
1.96372 -298.838 259
0.0760332 29.7628 685
-0.0840752 49.5957 720
-0.0337458 46.8806 708
-0.49829 131.776 165
0.0259519 36.348 635
-0.038311 43.4904 309
-0.576061 140.026 195
-0.0596869 45.1621 471
-1.33962 290.87 177
0.439823 20.824 856
-0.0516052 36.6628 214
9.17849 -1435.79 86
3.24566 -512.22 175
0.0458346 20.6259 237
0.0851602 13.4061 544
-0.0241296 31.8545 504
0.91679 -134.07 484
-0.928995 251.517 542
-0.909955 151.313 793
0.697119 -62.477 360
0.149366 20.7391 648
0.0259918 26.404 775
1.20718 -36.7727 337
1.14713 -87.5453 494
-0.551467 156.292 804
-5.09066 904.207 53
-4.25371 764.448 55
-2.93375 570.931 139
-0.187041 65.6461 655
-3.80202 818.525 462
-0.141156 195.06 666
-0.651258 306.347 12
0.246629 155.672 909
0.275008 162.283 911
0.244167 167.643 912
-0.229296 222.846 770
0.748066 39.8123 399
-1.09035 310.488 746
-1.00607 270.683 389
1.8564 -117.764 135
-0.223432 228.821 770
-0.232672 231.547 770
-0.926105 240.627 633
-0.988969 318.031 747
1.46886 -62.403 406
0.177017 185.183 439
-0.897576 245.674 369
-7.66807 1483.96 175
-0.463921 233.241 497
-0.446641 192.168 838
-3.61565 743.904 54
-5.0542 938.303 59
0.944062 17.4848 746
0.862606 25.5988 747
3.33855 -451.3 195
-0.155641 160.282 789
0.257479 118.903 1015
0.138677 125.099 312
0.509326 71.536 693
-0.393394 124.72 701
1.28574 19.4033 766
-0.478529 115.077 55
0.523998 19.4122 721
0.076576 32.1891 686
-0.850669 191.436 321
0.035409 37.9611 697
0.112882 23.0906 539
0.0344494 36.0229 667
-0.905627 180.947 75
0.0252436 33.4345 609
-1.08725 211.326 68
0.0477451 28.0918 389
0.183835 17.901 772
-1.93083 379.997 352
2.92693 -422.466 96
-4.25018 799.802 97
1.74607 -16.6738 759
-0.23783 67.6162 508
0.116797 10.1354 81
2.4502 -362.56 108
3.80528 -505.651 62
2.65425 -326.928 456
-0.628561 198.062 750
0.561108 31.8477 648
0.170635 20.043 804
-1.24023 223.247 77
1.00674 -31.9963 678
-4.97637 981.782 136
-2.91518 574.728 138
6.15248 -954.024 44
0.260851 -3.2541 747
-0.0518751 34.2361 715
-0.107649 41.5055 445
-3.57575 780.705 494
0.0577765 166.234 666
-3.56847 822.118 131
-0.182591 216.51 909
-1.04899 236.881 875
-1.21241 245.955 875
-1.02366 242.476 875
-4.95297 981.83 80
1.07267 -10.0162 485
0.653113 73.7673 678
-0.903713 241.714 875
0.329222 165.077 943
0.610174 115.635 996
-0.583295 249.768 709
0.955654 72.1988 734
-1.12754 268.043 800
-0.0905831 217.418 927
-1.1167 256.623 273
0.939772 -0.956932 678
1.04006 52.4111 750
0.264348 89.2114 854
1.95958 62.879 766
0.333534 80.7869 778
0.110833 93.5234 692
-0.842693 246.793 133
6.24657 -1027.71 197
0.478085 74.9413 382
0.847941 25.9781 749
0.775643 -16.4648 746
0.666119 15.0758 750
-0.10754 54.3111 840
0.124492 24.9709 587
0.129882 20.568 686
0.0596807 39.1887 672
0.585063 -62.0776 418
-0.44634 113.395 96
-0.0399124 40.0598 836
0.88462 -123.156 195
0.232157 27.3853 812
-0.0720127 46.2302 985
-0.0594774 41.7641 809
0.988531 -140.917 228
1.3755 0.604056 798
-0.0959818 41.9544 94
-0.248297 63.1616 567
-0.393942 95.943 664
0.267332 18.9884 824
0.259493 18.791 759
0.0216776 22.9985 383
-1.3181 235.603 749
1.17817 -66.846 439
2.17771 -275.595 577
-1.05939 242.652 550
0.569329 55.2259 520
-0.991189 214.776 273
0.0733328 20.912 891
0.074507 21.6147 631
0.475704 20.7101 854
-4.68749 823.559 96
0.846702 -112.226 44
0.991048 2.95591 798
-0.59148 134.122 200
0.307881 9.56371 754
-0.289701 71.2294 326
-3.7178 801.879 494
-0.433463 197.032 706
-0.854612 191.004 892
-0.230877 201.26 706
-0.229584 212.5 706
-1.23216 255.165 628
-0.71979 244.253 706
-5.27905 1031.07 112
-4.76692 975.36 136
-1.63509 322.374 478
0.995024 0.668871 746
1.01252 -4.34915 747
0.511218 62.0644 773
0.272402 72.633 773
0.399281 33.6592 523
-0.411286 129.212 920
-7.19828 1329.1 99
-1.07768 242.498 273
-1.71077 366.165 175
-1.0824 274.676 132
1.55351 -183.74 256
1.53854 -154.425 188
-0.556253 173.53 61
-0.743468 205.513 55
-1.49588 314.202 54
-2.51392 539.951 137
0.712816 -12.0154 747
0.200343 29.6073 768
-1.60244 342.073 137
0.44637 22.4435 801
0.0834757 29.7519 414
-0.0678948 49.3355 865
-0.238945 80.83 134
-0.676604 146.929 82
-0.387802 101.154 96
0.0511161 28.1679 864
0.0353593 29.8576 688
-0.855061 194.821 200
-0.0220395 36.8915 833
0.539056 -61.9924 258
-0.0409705 41.0505 159
-0.723283 152.107 119
-0.677837 138.858 179
-0.0542636 31.3425 497
-0.758332 160.01 295
0.324398 -33.7061 457
-0.484636 107.404 109
-0.411217 93.1306 380
0.764129 9.26984 760
0.759459 11.6601 678
2.94107 -453.735 485
-0.401124 98.7005 360
-0.710722 140.388 702
-0.75047 216.608 585
3.83715 -630.09 473
-0.754845 132.472 750
-5.18497 932.436 43
0.393498 8.39697 842
-0.34095 79.7406 317
0.132903 -1.75563 347
0.323335 -30.523 102
-0.162778 50.592 545
0.112019 15.7249 751
-0.150958 43.7875 254
-3.75213 806.987 494
1.41006 -171.812 485
0.717825 -50.4693 13
1.14013 -123.476 2
-6.85951 1248.92 93
0.41007 46.2961 696
-0.454524 122.626 837
-3.01803 521.761 61
-1.21677 336.541 462
-0.987298 216.965 311
-2.20521 456.602 138
4.25646 -710.209 233
0.61747 -51.827 717
0.72028 -4.10267 778
-1.66962 383.088 205
1.935 -311.145 233
-1.84618 445.851 494
1.93805 -1.64672 727
0.110247 65.953 407
0.128479 61.1217 702
0.47461 31.7666 777
1.63364 -227.408 232
0.18348 52.7237 697
2.11372 -278.359 44
0.20843 49.9512 530
-0.375074 132.972 429
0.248329 14.3806 747
-0.353201 98.8105 136
0.0298766 33.2401 537
-0.0557685 39.0924 891
-0.141288 57.926 896
0.408792 -28.0466 189
-0.50676 118.779 108
-0.190438 43.5184 819
0.0387341 29.8237 774
-0.027944 36.6348 711
0.369885 -23.32 84
-0.0296149 36.9193 529
-0.0403878 40.2684 152
0.04946 29.0156 870
-0.105667 52.8575 523
-0.169514 56.176 337
0.379937 -36.0711 379
0.201713 16.52 751
-0.886901 184.369 295
0.51063 -84.5883 525
-0.360359 93.6107 407
-1.1469 175.102 750
3.00125 -470.318 485
0.471482 17.2385 775
0.343561 31.92 238
1.81391 -33.9991 842
-0.674991 144.655 270
0.677706 55.6369 732
0.621075 17.489 472
-0.296776 104.221 708
6.27323 -1049.45 259
-0.239304 62.3839 470
0.286831 10.8093 881
0.0442016 14.1612 554
0.119956 15.4466 801
0.0560164 12.5424 990
-0.0213405 20.6219 707
-0.0164885 21.4989 739
-3.75769 807.69 494
0.301301 76.6095 702
-0.920455 223.357 321
0.96223 7.01805 801
0.847065 10.0202 802
0.114969 28.277 773
0.0845847 28.7833 773
0.745961 -86.384 41
-1.78165 416.05 494
0.790194 -2.26935 648
0.103323 27.6238 633
1.72171 -248.164 41
1.15419 -0.916017 844
-1.10688 230.514 661
-8.63008 1473.94 86
-0.0579261 40.8889 428
-5.62491 1178.94 485
0.881007 31.817 804
0.442802 53.0071 800
-0.147375 80.5241 822
-1.4495 305.493 99
-0.0962236 76.8082 535
-0.22694 87.6315 530
-1.36699 297.448 251
0.368235 10.819 747
-1.75407 343.699 87
0.404377 18.5453 801
-0.0420955 40.7526 749
0.0591649 31.0505 916
0.0511045 29.5361 715
0.0503431 31.5265 606
-0.0831466 49.2354 113
-0.0337626 37.4412 414
-0.157352 57.1712 968
-0.160539 67.1663 620
-0.0250367 37.7267 516
-0.423195 105.527 289
-0.40069 46.1895 845
-0.160918 59.8972 382
1.25836 -167.26 96
0.312235 -11.1311 175
-0.193579 61.7486 273
1.51083 -237.247 192
0.853633 -95.2805 62
-0.87159 185.212 295
0.0568595 15.6404 560
-0.826583 204.849 494
0.487304 8.22783 516
0.942656 -64.3234 717
1.16891 -7.01239 842
-0.691844 147.658 498
0.906717 4.42169 766
0.150806 18.887 854
0.805225 19.5733 764
-1.04912 259.277 454
1.76124 -279.166 485
-0.220991 76.628 607
-0.0814059 34.5285 301
-0.470472 93.7522 49
0.530685 -69.4016 306
-0.0700198 31.2824 247
0.0136506 16.6248 679
0.042586 11.5453 458
-0.415788 84.4198 106
-3.76568 808.852 494
0.208686 112.456 702
0.747568 6.66434 800
-0.119396 60.3077 740
-0.303931 86.9266 323
-0.0217899 33.9059 791
0.749132 9.87807 728
-0.0704264 43.7601 507
-1.76848 409.115 494
2.01557 -23.4569 727
1.2355 -173.591 211
-0.929257 47.3461 861
-0.0375893 35.4677 113
0.741654 -10.3668 465
-0.272372 88.3978 740
0.0265283 26.1124 95
1.48617 -41.6924 497
0.402995 -9.99869 718
-7.0449 1318.04 352
3.15361 -402.607 58
2.3609 -370.294 387
-0.837763 187.416 97
-0.614184 153.847 139
-0.849592 187.666 133
0.318344 17.6577 778
0.0587344 31.1226 389
0.0617831 28.0715 478
-0.276706 79.2242 57
-0.355285 94.6549 133
0.789487 -107.182 257
0.077046 17.26 717
-0.0361429 33.7417 705
1.5791 -249.554 194
-0.0366124 35.5842 922
1.0754 -169.719 203
0.250524 -13.0771 416
-0.279054 81.0539 323
0.753499 -95.7078 321
-0.0848222 53.7922 865
0.812324 -99.5221 354
-0.0795952 59.5187 396
-0.0942822 51.5706 273
0.100587 22.5139 467
0.324113 18.1846 731
-0.780721 174.376 295
0.037646 23.5546 739
1.1605 -20.5764 465
0.844067 49.001 629
0.267345 42.271 775
0.685049 10.259 856
0.135138 18.5733 772
1.06955 -159.558 260
-0.224169 64.5442 198
0.14364 19.324 726
-0.545539 135.739 776
0.451356 -25.1292 593
-0.668961 109.092 465
0.0812572 7.22667 209
0.519489 -58.931 52
-0.633268 123.667 244
-0.58857 35.7589 847
0.0215034 15.1195 183
-0.281044 67.3935 473
-0.257849 61.6292 302
-3.76449 808.606 494
0.203812 96.8852 530
-0.28956 127.3 690
2.11704 -257.719 58
2.23389 -320.535 135
0.438741 18.5567 837
0.548521 15.2358 837
0.519206 18.3124 918
-1.58927 387.096 494
2.1836 -23.2046 727
0.144104 24.9581 706
0.806201 15.6049 893
1.06183 -136.644 100
-0.641434 133.675 463
-0.173355 62.3494 395
0.828173 15.9499 892
-1.88877 321.914 463
0.739587 -100.7 485
-0.183304 62.5073 342
-2.04272 453.512 453
-0.563733 164.882 516
0.544741 17.9094 801
-0.488703 121.685 192
-0.359465 86.4272 61
0.726607 -98.4207 257
0.737364 -97.8136 229
-1.00427 200.894 91
0.619625 -71.6869 188
-0.143215 53.8789 420
-0.106503 47.6288 588
0.299964 -22.4147 209
0.0846496 14.169 177
-0.30289 36.906 879
-0.978525 191.338 276
0.0318819 27.6248 537
0.04682 25.8125 917
0.113177 13.9243 427
-0.150056 62.551 374
-0.178458 75.1097 485
-0.0301803 49.8965 399
-0.0620981 49.7448 634
-0.0276633 44.4268 775
0.0274048 35.1596 524
1.39125 -9.94495 763
-0.831937 181.859 295
-0.29974 80.3505 139
-0.874879 163.934 702
0.500614 26.2622 400
1.12978 -22.2924 800
4.03349 -646.105 175
-0.0335122 28.8007 520
0.0606468 13.6757 971
0.160861 -0.332999 62
0.298191 15.2133 807
0.800619 42.0648 800
0.681714 -50.023 593
0.598868 -37.6145 439
0.630548 -80.1085 77
-0.0672902 30.5354 247
0.0177727 16.0594 487
-0.0542454 27.0249 110
-0.0973914 34.4884 176
0.0735095 5.17913 544
-0.237099 61.1775 195
-3.76998 809.563 494
-0.0867191 136.369 712
0.649819 93.8343 840
0.721256 49.8348 714
3.48954 -467.526 253
0.954312 -91.564 738
-0.826166 229.319 996
-4.84873 989.795 235
0.492951 74.0211 465
0.448081 80.8926 836
-0.411774 155.251 696
-7.36225 1319.09 41
-10.9024 2027.35 229
0.550629 30.0626 714
0.966819 -59.6587 715
0.727689 49.6368 734
-0.7143 206.16 744
8.81859 -1454.75 321
-0.92589 196.276 695
4.00185 -595.21 139
0.336582 49.1637 542
-0.441914 123.194 646
0.345222 -27.33 307
0.807431 12.1633 797
-0.162438 55.429 250
-0.11269 46.5381 449
-0.0203548 30.0172 263
0.0530589 17.7967 404
-0.979774 188.032 211
-0.187013 58.7038 268
-0.804909 164.284 373
-0.0303046 32.6142 403
0.0555996 18.6228 336
0.685753 7.28995 728
-0.851652 158.82 52
-0.677776 46.0849 857
0.521036 -60.4295 355
-0.0600457 43.8777 873
-0.456742 61.4003 812
0.0292144 42.4337 543
0.0308416 44.2911 636
0.0576125 33.1803 489
-0.112115 61.1045 484
0.036433 20.9572 776
-0.899314 188.176 295
0.0953219 8.29192 301
0.26584 20.0067 803
-0.615609 181.393 772
0.70366 25.7114 423
5.78936 -927.986 175
-0.062017 36.2368 237
0.0345146 18.2661 413
-0.156606 47.1511 216
0.0809639 20.036 854
-4.50111 877.43 138
3.58887 -550.409 175
-0.398888 81.2751 835
0.0316305 17.4117 776
-0.0792619 32.0057 209
-0.0951116 21.9523 669
-0.0242793 21.7814 605
-0.0489412 26.3979 411
0.0112543 16.9527 712
-0.455782 103.421 202
-3.76803 809.31 494
2.11447 -239.826 132
2.69236 -81.8434 777
-7.66412 1472 323
-1.48091 381.037 517
-0.830184 242.101 984
-0.411044 172.447 532
-0.54338 156.129 889
-2.85183 635.905 352
1.7037 -160.244 314
0.349627 90.7875 208
0.376853 82.8852 346
0.670846 32.1809 445
2.79939 -332.477 251
0.562953 64.4521 908
-0.374439 169.189 732
1.09714 -51.5907 389
1.18002 -12.4608 497
0.3756 91.4021 949
-0.267861 181.224 984
2.02616 -246.065 175
-6.57619 1277.21 197
1.50859 -183.537 60
0.157939 22.147 705
0.830711 -105.257 105
0.658415 -78.9453 105
0.273176 -17.332 105
-0.136581 50.3 470
0.116019 7.61604 216
-0.605289 124.595 180
-0.178164 55.5448 380
-0.0758151 39.8796 512
-0.953877 45.9409 829
-0.170999 34.6157 812
-0.0231489 30.6207 617
0.0204734 28.2418 368
-0.169896 38.6147 788
-0.0518682 40.5017 804
0.930607 -114.292 87
0.0377626 42.0183 622
-0.119566 51.2199 853
0.263781 20.4847 809
-0.0830487 46.7098 511
0.0232214 20.2763 127
-0.889224 188.287 295
0.109332 7.86235 301
-0.92974 191.976 370
0.471217 95.2203 537
-11.4085 2234.48 170
-0.825351 202.545 740
0.0243039 22.8358 702
-0.0425019 30.0013 505
0.789198 -107.156 244
-0.0730258 33.6128 995
-0.88543 210.578 494
3.14758 -483.418 175
-0.178096 62.0153 543
0.0089563 19.2279 447
0.700462 -91.8872 103
-0.0274875 23.591 935
0.452525 -57.7322 292
-0.12499 39.9451 268
-0.0352655 24.4453 898
0.045795 11.7355 940
-3.76177 808.374 494
-0.937685 296.195 148
-0.325895 208.215 539
0.257973 130.033 912
0.247765 134.533 534
-1.09143 201.235 875
1.30942 -38.142 60
0.379801 119.908 924
0.233317 131.576 916
0.257568 118.066 713
0.324216 101.145 560
0.512758 93.5165 713
3.72897 -438.803 58
-4.47626 872.279 97
7.15355 -1172.01 229
0.915355 21.0024 497
4.42938 -659.962 138
-4.84403 311.491 812
-0.421132 173.178 705
-0.487538 164.556 706
0.428778 31.3105 625
0.15704 32.1963 530
-1.32777 268.734 252
1.56004 -214.241 44
-0.451489 114.139 139
0.740359 -86.457 44
0.716574 12.8081 669
-0.828346 164.79 111
0.0784662 19.4798 905
-0.0842963 42.9373 733
0.0502424 24.6524 909
0.0580274 24.4729 911
0.0553825 25.6089 912
0.0722901 24.6891 921
0.0487773 26.3175 913
0.0681507 22.3561 983
0.0597747 29.3358 533
-0.162722 45.4302 874
-0.387526 54.9432 875
0.0411296 42.3025 530
-1.29893 269.155 128
0.906552 -119.198 175
-0.262782 71.2513 749
2.4896 -370.046 99
1.21167 -139.867 62
0.0709237 22.3859 921
0.635821 18.6013 854
-1.00818 214.643 908
-0.673103 140.55 730
0.884082 11.6172 725
-0.732545 163.949 403
-0.60325 120.333 535
-0.695575 129.835 530
3.36887 -71.8117 875
-0.262595 61.621 734
1.83246 -297.568 485
-0.683282 147.371 382
0.540602 -4.55822 706
2.5547 -27.6892 893
0.228976 9.13498 706
0.80314 4.99849 893
0.0163322 19.0943 913
-0.0910329 35.1923 382
0.847467 3.31642 894
-3.73538 804.451 494
-1.79777 447.656 105
1.79018 -140.703 252
0.497629 63.5995 517
-1.04441 197.75 842
0.254051 150.186 837
-0.369724 210.321 466
0.895867 18.0727 347
0.35046 125.333 944
-0.571655 264.02 967
0.513576 99.7928 945
-0.232658 184.217 889
0.656324 40.3792 738
0.680806 71.1252 909
0.632391 62.5908 665
-1.2981 217.266 731
1.61553 -74.964 62
3.33017 -407.69 97
-5.78508 1215.96 233
-7.52109 1390.02 42
-7.84791 1437.01 41
-9.67887 1704.03 188
-1.77182 448.009 14
0.997302 20.36 911
8.58443 -1441.22 386
-13.8468 2540.26 229
5.39313 -731.239 56
-0.860597 231.099 770
7.3596 -1131.91 98
-7.60482 1476.37 232
-0.785065 163.653 692
5.09792 -702.701 59
0.925732 -6.64334 704
0.920227 -9.97055 705
1.65934 -0.377888 892
0.205072 23.4493 706
0.34383 18.4119 706
0.831524 -81.5565 62
-0.0767781 48.2763 635
-0.10188 59.0347 596
-0.120061 61.517 598
-0.289804 84.1524 953
-1.42397 302.863 175
0.237371 36.628 698
-2.31395 427.471 96
0.609149 -69.7678 108
-0.498165 117.277 89
-4.21482 799.959 175
0.538139 -17.1946 745
2.09062 -277.515 346
4.25852 -568.059 62
0.598946 27.3965 892
0.133426 20.9078 421
-0.568546 151.687 716
5.72717 -887.327 136
3.99433 -598.123 175
-0.719857 166.129 901
-0.500174 152.537 742
0.419428 24.9216 530
-1.03881 212.2 955
0.35409 22.5975 624
-1.19252 284.801 13
-0.463189 126.19 697
-0.755414 159.482 697
-1.63415 369.196 376
-0.231975 169.65 532
-0.244031 168.133 924
-0.24586 174.997 533
-2.79227 645.281 323
-0.311951 182.111 909
0.242738 113.612 683
-0.381793 211.314 478
-0.235022 185.39 918
-0.22862 191.287 837
-2.62053 600.063 108
-2.7357 663.742 386
-0.434161 231.825 559
-1.56423 214.729 875
-0.499198 243.273 939
-3.29084 739.583 299
0.475298 81.5773 623
0.265066 116.33 516
0.518268 86.4717 938
-0.193312 192.905 665
0.213436 146.525 772
-0.279144 198.212 910
-1.04775 371.33 741
-0.19714 186.951 674
-0.379351 225.218 430
0.346965 107.659 310
6.33939 -975.176 354
-2.00079 494.132 97
-0.347545 197.876 909
2.85463 -315.711 146
-0.804631 269.908 951
0.273911 112.808 919
-2.0874 484.934 253
-3.01212 258.995 753
0.199723 131.698 841
-6.88295 1264.2 41
3.57896 -517.808 386
0.458838 53.0657 714
4.94044 -760.086 322
-1.10403 313.405 14
-0.91155 271.977 24
-1.49164 395.655 10
-1.17786 311.503 18
-0.70446 151.178 633
0.663545 28.6413 909
-1.49793 382.61 1
-1.01902 253.454 747
0.712029 19.6774 665
-1.68667 414.65 0
0.53736 56.4687 909
3.52454 -489.097 323
-0.912152 290.674 1
-1.17424 319.071 18
2.21166 -245.99 97
0.557838 70.8259 924
0.530967 17.1357 686
-0.239939 147.659 772
0.262972 93.9732 614
-0.290935 164.376 599
0.40553 64.8913 945
0.275462 82.0187 658
-0.303659 168.98 31
0.441091 62.4499 466
-0.165541 140.08 761
-2.23767 583.563 494
0.149114 138.021 887
0.17638 123.152 596
0.16147 130.934 764
3.49685 42.363 848
-0.249039 177.465 700
0.165173 140.608 690
-0.153451 169.296 422
0.155725 127.895 381
0.173857 132.65 710
-0.110098 160.107 537
0.379664 99.0131 951
0.267836 105.197 310
0.270266 108.366 945
0.183217 125.319 614
-0.193112 161.806 889
-0.337918 214.722 389
1.66591 -124.163 175
-1.33027 354.491 57
-0.159575 153.77 889
0.226264 113.574 624
0.180613 117.91 536
0.289517 95.2789 556
-2.14974 227.672 875
-1.02684 350.554 738
-2.71397 589.145 253
-0.257214 169.294 533
-0.302733 180.224 915
-0.221738 176.072 532
-1.64167 398.168 60
-3.41462 249.974 880
-0.304036 176.762 531
0.35598 102.386 695
-2.54427 554.745 99
-0.183626 162.163 537
3.62551 -464.753 93
-0.294959 168.104 537
-0.114082 167.847 624
-0.612563 199.516 777
2.01758 -184.137 253
-2.78818 251.714 802
-0.208357 173.466 690
0.289821 123.795 837
-0.17474 171.67 769
-0.844156 193.957 811
0.251079 128.278 837
0.129496 134.786 916
-3.01393 702.748 169
-0.206337 166.062 641
-0.218164 171.418 586
-0.203331 154.289 680
-0.26712 151.411 681
2.36949 37.7581 850
-1.20961 186.678 802
-2.07944 512.297 256
0.163222 117.981 833
0.347565 92.9663 532
0.275065 102.777 924
0.701932 20.7025 929
0.313285 81.681 498
-0.608343 169.822 795
1.24244 -92.4502 139
5.90529 -923.412 227
-1.79095 444.674 282
-2.14177 570.105 494
0.40888 111.808 990
-3.4843 776.776 354
-0.0743541 167.858 575
2.20778 -232.501 347
-0.246364 167.116 859
0.150897 137.482 389
2.91898 -470.276 620
0.796251 7.57423 331
0.492424 70.1348 94
2.84621 -387.604 169
0.350819 84.1955 741
0.17256 125.288 403
0.49774 53.8363 485
-0.200981 178.924 596
0.926649 20.5359 944
-0.303292 207.754 560
0.496382 62.4678 403
-0.587166 208.845 596
-0.216785 175.73 596
1.34936 -71.3056 151
0.555004 69.693 1019
0.146701 132.196 318
0.126623 135.899 636
1.75731 -165.417 314
0.384541 78.306 517
-0.153244 175.885 656
-0.72377 272.239 591
0.157212 129.942 597
-1.18615 354.565 119
-0.0999071 157.218 697
2.05588 -198.588 253
0.34606 98.523 911
0.307483 98.9675 911
0.266067 109.375 918
0.688683 44.1962 530
-0.231023 155.527 680
4.30797 -637.799 416
0.127667 125.368 618
3.14373 -401.926 353
1.81777 73.815 753
-0.15065 151.12 840
0.73274 86.7193 779
0.216971 123.539 695
0.31297 113.189 530
0.392992 99.7468 530
-2.96239 244.605 875
-0.216002 170.597 916
-0.182357 167.17 533
-0.18393 168.334 924
0.262307 107.435 94
-0.247655 187.192 430
2.05667 81.4045 849
-2.4009 566.821 323
0.40627 80.8793 941
0.260728 100.589 523
-0.937552 291.866 135
-2.73633 607.686 322
0.33237 83.8649 541
0.333157 96.1556 768
-0.447744 208.669 589
0.206746 103.352 557
4.33358 -612.049 289
-0.270322 142.707 534
-2.23478 586.474 462
-1.17848 202.738 875
-0.246141 200.979 714
0.568645 76.6805 896
0.343408 105.018 902
-0.319905 212.054 28
0.205429 139.478 684
0.142244 157.261 614
0.291595 121.297 94
-0.23987 183.309 530
-4.36489 865.309 105
0.826144 138.18 875
-1.03 345.566 736
0.761459 52.1088 989
-0.545007 240.325 993
0.109285 150.741 529
0.132457 132.246 688
-1.58914 208.979 875
0.483585 85.1683 967
-0.293121 193.476 945
0.196605 132.456 924
0.967808 3.27361 58
-0.638437 245.774 948
-0.281757 178.145 925
-0.364587 159.749 765
-0.161347 166.001 634
0.155628 137.961 911
0.634638 59.8267 949
0.179196 130.518 665
3.04208 -397.125 225
-0.964815 294.938 1015
0.215157 128.186 911
0.133322 128.747 714
0.212483 124.246 614
0.544367 69.7929 944
0.185535 117.835 403
-0.153923 163.13 223
5.59249 -763.5 85
-2.63069 225.847 815
0.0733812 135.394 537
-0.230597 176.25 541
-0.471919 197.993 996
-0.173225 155.685 445
-0.40049 170.237 925
6.25679 -1027.16 169
-0.329518 195.143 422
1.16795 44.4227 777
-3.87294 822.042 137
-2.84392 619.541 322
-0.270046 146.875 918
-0.354013 135.81 889
3.38039 13.9075 756
-0.271187 152.279 917
2.66367 -303.851 43
-0.332618 171.86 925
-0.304782 154.306 889
0.442799 70.3492 539
-0.250078 160.718 533
-0.240553 160.427 532
-0.328401 159.391 704
0.267775 100.458 598
-0.136542 151.898 530
-0.206495 151.755 642
-0.206327 146.638 636
-1.91297 535.327 494
0.974408 -2.81436 983
1.0096 -24.4747 438
-1.07818 308.625 948
-2.80299 250.451 875
-0.430479 194.58 834
-0.388177 216.666 906
-1.4365 399.517 253
-0.405637 176.801 889
0.49301 85.7236 938
-1.26992 198.607 765
-0.220147 176.418 532
0.483723 89.5829 768
-3.04425 262.069 875
0.476972 85.1424 768
0.606455 63.8017 898
0.169714 137.28 680
0.140126 137.852 740
3.52869 -409.699 116
0.302195 122.922 906
-0.0871146 183.727 357
-0.179838 190.695 746
0.157235 156.641 629
-3.43485 793.707 235
0.16425 153.691 705
0.129459 154.805 530
-0.405665 241.044 517
0.44789 83.2726 140
-0.188556 176.238 765
0.144733 146.055 870
-0.36569 215.845 940
2.01269 -176.89 146
0.205593 119.38 395
1.1923 114.848 875
1.85524 -156.429 99
-0.259796 161.36 889
-0.245758 160.595 889
1.33644 -84.4845 283
-0.746154 204.427 677
1.63574 -110.154 189
-0.195021 168.117 706
0.127407 144.263 909
0.120821 142.768 666
-3.08301 726.505 171
0.604143 55.622 938
0.26771 120.656 925
-1.81147 210.307 815
2.47095 65.2537 881
-0.72881 187.288 627
0.347054 87.9593 596
0.382606 73.2534 598
-0.238996 161.643 769
-0.83089 177.505 649
-0.431574 201.611 1014
-0.194661 163.287 454
-0.118258 136.112 760
-4.61872 881.654 116
-1.03551 286.822 979
-0.306508 147.778 889
-0.506519 157.893 632
-0.246265 150.104 642
-0.362758 177.22 588
0.140609 97.4184 655
0.345781 110.274 821
-2.53918 630.5 462
-0.209545 185.837 909
-1.56795 212.385 876
-0.075495 164.223 415
0.494865 79.5381 996
-6.01361 1227.99 164
-0.561309 166.34 892
0.375624 121.42 677
-2.6114 575.778 105
-0.276663 182.521 535
0.319381 94.6195 652
-0.381451 200.538 656
0.143005 127.107 618
-0.323904 198.882 869
1.39059 -69.7207 146
0.221953 122.952 598
-0.942906 193.185 874
1.43054 -100.465 417
0.156816 139.506 311
-0.128361 174.225 749
-1.36886 396.442 282
-1.43314 370.322 59
3.1091 -383.341 266
0.39123 114.103 565
-0.204634 186.547 665
-0.11707 179.545 909
0.312935 123.624 943
-3.68599 855.961 171
1.87462 -177.204 417
0.757269 40.8961 1000
1.46152 -85.3154 348
-3.88445 858.666 356
0.185004 130.721 426
0.280222 118.483 596
0.201255 141.01 534
-0.252197 180.384 527
-0.24616 177.251 704
-0.115861 171.598 833
0.107324 153.514 668
0.224711 124.977 665
-0.238665 173.98 414
0.96083 -7.17556 348
-0.354696 201.107 866
0.5005 70.3916 549
1.08747 -28.0318 250
0.285665 122.6 919
1.1143 -20.6179 1012
-0.380077 214.642 590
-0.213308 164.852 917
0.344795 94.674 905
0.436351 57.9457 430
0.414088 92.5528 534
-0.524632 222.808 1011
-2.48018 592.063 324
-1.59945 395.319 253
0.241256 106.516 615
-1.44634 195.226 875
-0.166096 162.135 870
0.390637 73.506 15
-1.92679 481.663 387
0.463806 59.0197 270
1.85241 -190.565 252
0.37926 68.5389 507
-4.29439 921.328 169
-2.48193 621.199 462
-0.132797 172.935 657
-0.16132 161.077 854
6.95149 -1160.93 201
-4.36074 296.385 802
0.702048 58.1805 464
-6.69616 1214.22 46
-1.48491 221.46 627
1.8554 -162.87 252
-0.31528 188.942 557
-0.332074 171.756 530
2.4914 -296.463 324
-1.15351 207.555 627
-0.559243 239.107 29
-2.00414 492.007 151
0.317105 111.205 665
0.291359 125.632 916
0.258569 128.005 924
-0.0998954 177.687 618
0.220022 118.337 403
-0.181273 185.632 310
-0.157007 167.867 698
1.49023 -106.904 132
-0.438779 185.196 676
-2.5581 234.818 875
0.153275 139.209 764
-0.270512 198.779 589
-0.395797 232.75 737
0.831197 22.1031 143
0.888567 16.0008 1018
0.553971 90.9959 925
0.408697 95.5072 938
0.421139 96.9403 558
0.691868 37.1391 382
-0.616622 198.619 809
0.372881 120.128 924
6.35987 -71.8641 813
-0.331676 180.792 706
-0.273706 176.296 532
-0.33895 195.22 421
-0.233776 171.473 706
0.182245 133.389 598
1.15807 -40.8251 252
0.182583 130.781 278
2.46474 -255.512 284
0.211652 133.169 535
0.625717 58.3322 983
-0.294025 190.884 768
-3.2975 731.243 229
0.254582 115.024 614
-6.84307 1404.09 224
-0.2439 177.458 596
2.0703 -220.995 417
-0.205527 164.894 705
-0.398796 170.97 706
-1.58919 418.177 252
0.334069 103.71 556
0.550276 72.1881 943
0.104636 135.989 635
0.522595 65.9757 749
-0.471631 152.933 890
-0.647715 171.021 532
0.545714 38.1696 768
0.217695 79.1827 656
-1.51058 360.142 376
