8 64 64
0.400508 87.1792 542
1.07749 34.0475 115
-0.141029 141.625 940
-0.24947 159.52 626
0.247223 109.919 20
-0.0586368 153.946 833
0.860286 36.5494 731
1.10787 -47.9046 593
-0.963332 210 22
-0.176531 97.7595 876
0.0689891 80.0064 690
0.123397 74.5866 794
0.0974149 82.0726 458
0.533299 -9.21815 982
-0.0610459 105.411 282
0.141916 95.1722 545
-0.0395314 113.318 231
0.125402 103.961 964
0.387742 56.6627 728
0.393728 64.2187 655
0.366509 65.3202 181
-0.0806086 116.705 814
-0.503755 174.997 1011
0.308413 91.1197 576
0.623726 28.1356 539
0.0841682 103.992 689
0.0795172 107.158 648
-0.226629 138.049 921
0.0478443 107.663 663
0.123887 95.8416 97
-0.109805 128.199 803
-0.100198 125.162 963
0.165146 102.667 964
-0.339865 126.574 812
0.0975015 103.475 769
-0.0750367 114.848 878
0.703358 9.48708 286
-0.192458 144.028 436
-0.143995 110.256 725
-0.0990049 105.224 263
1.25627 -119.834 884
0.666069 11.8708 884
-0.159414 150.502 513
0.0478257 125.707 212
0.0437949 125.805 424
-0.293047 172.034 696
-0.132961 136.728 965
0.0692114 126.962 523
0.268613 96.8286 760
0.184869 108.546 867
-0.374821 202.112 469
0.371679 141.488 706
1.34363 -7.74127 483
0.146867 79.4938 212
0.0539449 93.5457 690
-0.165234 133.813 828
-0.0857438 112.872 647
-0.0597768 107.796 740
-0.0606222 108.609 523
0.220804 91.1482 694
-0.270195 119.977 747
0.0383023 102.312 663
-0.574699 147.327 544
0.75246 10.4262 691
-0.0632941 140 647
-0.501406 230.351 373
0.682373 41.9359 666
-0.365455 183.211 34
0.240778 119.66 909
-0.0309037 149.154 650
-0.425931 177.487 321
0.54775 36.6894 3
0.169451 67.6219 471
0.372354 19.6354 403
0.087337 80.3859 973
-0.568251 128.009 192
0.132195 75.4318 513
-0.0454447 100.209 929
0.581108 52.0215 262
0.260712 91.4146 693
0.071497 101.253 998
0.178813 99.7909 934
0.0970694 104.472 903
0.329278 92.6161 749
1.60872 -62.5395 40
0.0302382 107.233 954
0.487499 13.9289 765
0.336286 74.0244 44
-0.438004 196.957 734
0.148032 99.3811 790
0.519497 69.0928 326
-0.54903 169.376 12
-0.0969566 120.723 784
-0.0560666 111.899 932
0.670974 57.9008 421
0.543459 36.3569 730
0.0270714 105.254 424
0.0387237 105.998 648
-0.0639536 118.528 175
0.0805411 101.875 190
-0.161857 115.533 649
0.576522 38.9696 944
0.695057 18.2423 889
-0.253863 135.094 304
-0.410796 145.545 657
0.954018 -56.6138 949
0.103186 119.106 25
-0.152539 152.783 794
0.281193 85.3018 607
-0.527964 192.284 45
0.455386 71.751 730
0.512503 58.3222 381
-0.0631782 135.523 967
0.662603 41.7553 86
0.668538 44.8871 57
0.555668 126.738 216
-0.507417 264.231 57
-1.23647 329.071 25
0.670165 15.1143 946
0.65472 40.1249 201
-0.579524 169.03 880
0.0801085 98.699 907
0.0319446 101.748 250
0.558927 27.1165 729
0.420599 55.312 817
0.0922682 94.8939 557
0.426241 29.2483 798
0.210202 33.8691 156
-0.48385 185.147 1006
0.0494071 129.724 712
0.167041 121.462 831
0.526399 98.3079 132
-0.0468998 147.146 709
-0.048558 145.495 928
0.256073 104.869 131
0.590117 22.9348 707
-0.0594151 81.9432 663
0.452786 19.4424 98
0.186332 78.4328 492
0.24299 39.997 240
0.260656 63.3048 893
0.301607 52.2869 760
0.643108 25.7829 943
0.0476997 96.5952 713
0.383827 73.9652 198
0.0241633 105.543 651
0.272923 82.442 170
0.311509 96.3718 441
0.173124 79.6147 499
0.193345 83.0482 624
-0.568047 219.337 342
0.312299 71.2553 204
-0.120872 127.414 803
0.116969 96.3857 97
0.471379 83.872 672
0.3573 75.5316 455
-0.0900807 114.77 774
0.0353276 104.512 518
0.220332 94.7863 1016
0.0622712 107.487 533
0.749363 7.54709 539
-0.363903 165.883 851
0.0458798 100.107 500
0.291802 79.5005 102
0.0954124 96.5876 794
0.413534 89.026 536
0.044696 101.219 554
0.107911 91.6857 533
-0.449295 180.605 853
0.665686 34.4548 20
0.145809 113.743 994
0.250306 109.467 149
0.377163 93.2706 849
0.0448973 136.762 938
-0.0775222 145.536 809
-0.463588 186.342 848
-0.645536 184.248 197
-0.36617 179.31 56
-0.0544405 132.443 805
0.699366 40.1189 90
0.198828 176.392 216
2.38832 -131.762 657
0.351837 64.2357 179
-0.964523 227.075 730
0.232827 75.1929 752
-0.453914 124.283 780
0.0818718 101.731 556
-0.403507 164.417 478
0.291198 81.3694 457
0.855581 14.4352 93
-0.683356 167.914 371
0.765433 -63.8515 64
-0.383133 183.053 89
0.481757 97.8205 320
0.167746 120.614 1018
0.475449 54.0033 638
0.160518 113.281 860
0.0373022 134.049 405
0.0457949 128.804 886
0.626107 31.009 163
-0.0609871 82.4045 424
0.221849 60.9969 353
-0.211256 110.556 330
-0.338414 131.477 728
0.0503273 82.177 928
0.0469814 86.9119 832
-0.0445644 102.753 533
0.185314 76.2103 818
-0.210327 130.863 204
0.578671 48.9696 136
-0.0696638 118.187 392
0.503802 46.7473 1009
-0.185686 133.936 477
-0.060033 120.534 918
0.159742 97.07 726
0.453175 49.8434 882
-0.798866 203.507 943
-0.324548 149.777 162
0.264914 63.8189 624
0.324238 60.6381 53
-0.0429826 113.391 249
0.250405 77.197 363
0.763578 19.0756 1008
0.61425 63.5483 224
0.0936893 99.3501 186
-0.283661 119.633 781
0.0454414 97.569 918
0.0512818 100.922 709
-0.109346 119.968 601
-0.776081 217.072 318
0.214514 63.1247 860
0.297383 59.3476 596
0.0274173 88.1989 529
-0.365899 152.283 3
0.725145 3.11866 884
-0.0322596 142.933 788
-0.38026 191.148 728
0.0956554 123.869 835
0.110405 130.336 908
0.410543 86.4589 975
-0.774056 193.864 389
0.443924 72.4007 510
0.431356 71.9413 697
0.506642 65.0057 122
0.785413 97.2635 216
-0.247278 234.714 57
0.889599 9.65896 26
0.522576 -3.96117 1014
-0.0456459 106.053 788
0.28612 74.3343 83
0.471112 62.811 38
0.109094 93.0858 557
0.972228 2.90677 93
0.158033 31.2145 987
-0.0387612 46.1688 374
-0.198257 68.2901 35
0.670304 46.6741 730
-0.297605 171.964 235
0.302056 88.0766 607
-0.157668 161.129 77
-0.187406 151.461 1003
0.194999 99.2467 208
-0.273354 159.339 257
0.616362 31.275 163
0.180797 52.1059 97
-0.0380619 85.7826 714
0.118722 72.4911 793
-0.0501782 93.2964 279
0.628548 20.0207 1005
-0.0433837 95.5194 836
0.03413 94.0044 359
0.509052 54.8967 6
-0.116787 119.787 328
-0.155853 114.472 662
-0.683328 161.233 480
0.36787 53.9875 2
-0.0750093 111.652 904
0.186295 77.3068 271
0.64211 43.6295 60
0.19114 89.5151 265
-0.060552 113.415 253
0.164471 95.9609 908
-0.0531942 110.197 531
-0.278671 114.187 908
0.0926064 94.9437 62
0.188734 70.0214 238
0.0883973 91.2642 25
-0.0267772 111.54 124
0.675633 20.0171 762
0.0495479 104.537 524
0.755519 1.0548 538
-0.0912335 109.853 773
0.104788 88.4842 302
0.0373768 101.68 743
-0.083753 111.219 942
-0.0780299 106.411 550
0.0592544 86.6206 833
0.961459 -69.6592 852
-0.384947 176.077 596
0.184171 120.322 718
0.0555893 133.033 396
0.0761359 128.097 793
-0.911036 207.299 229
-0.0686078 138.938 967
0.358723 87.0948 56
-0.0994143 140.512 741
0.0356069 125.944 374
0.120376 102.637 918
-0.462115 215.094 91
0.707037 129.356 686
1.25895 33.0479 657
-1.00627 297.801 123
-0.16295 112.151 826
0.583694 43.0572 7
0.152869 82.4853 526
0.916166 6.65763 93
0.263142 25.9538 799
-0.289356 81.7949 689
-0.0950581 53.082 737
-0.0559861 51.411 278
-0.302327 166.894 233
-0.94884 268.587 762
-0.288489 157.637 940
0.256487 103.047 794
0.0811569 128.459 586
0.115874 125.591 77
0.0784135 124.909 929
0.67182 24.2195 163
-0.0967569 80.6967 663
0.116297 62.199 25
-0.0602666 95.7611 767
0.540794 33.7686 201
-0.376051 117.159 5
0.158444 72.2132 474
0.0456319 93.5099 887
-0.0340016 103.648 843
0.0516581 98.5463 553
-0.832713 204.663 153
-0.0725761 110.029 1022
0.885021 -1.05669 152
0.123693 85.1219 433
0.188892 86.9234 106
0.689484 34.5818 81
0.515899 63.0523 101
0.225863 94.0799 814
-0.0635364 117.119 767
-0.547519 172.583 689
-0.644457 224.849 500
-1.47935 294.437 794
-1.53177 296.074 794
0.632376 73.0543 768
0.285663 70.564 794
0.144734 88.936 794
0.150747 98.4394 779
0.434967 53.0316 149
0.218528 80.1716 331
-0.559303 149.943 390
0.300937 49.856 144
-0.0827207 107.787 972
0.0259659 94.3268 842
-0.119714 103.705 942
0.557044 4.6711 981
0.510387 39.1367 1013
0.426483 55.6672 819
0.0654561 129.31 183
-0.188762 161.602 290
-0.305454 147.24 812
-0.0675656 144.179 796
-0.0323627 136.963 787
0.499019 63.9509 542
-0.192404 151.572 753
-0.373192 139.049 219
0.274626 86.1118 922
1.6664 41.7368 718
0.0999462 186.555 123
0.871193 13.5881 91
-0.692761 177.821 921
-0.688163 180.901 858
0.480285 15.9282 798
0.135376 32.8101 746
-0.0650939 53.4598 829
-0.102082 57.5827 183
-0.960966 140.697 39
0.070649 35.8237 621
-0.0485556 146.192 955
-0.0898067 152.084 861
0.359352 103.004 1022
0.748773 -12.1229 819
0.546525 53.2744 546
-0.071354 143.794 428
0.222991 106.709 483
0.652116 27.589 163
-0.227976 91.5939 990
-0.165462 102.491 803
-0.283694 137.662 436
-0.091808 100.752 309
0.111874 79.0321 966
-0.120164 115.067 312
0.127026 78.9354 174
0.0336891 96.4986 359
-0.337792 139.807 61
0.214049 77.6138 543
-0.155229 132.941 308
0.631284 46.1548 199
0.664456 15.9153 762
0.0486312 103.12 399
0.342389 63.0778 543
0.807311 67.1651 1023
0.5299 82.5465 783
0.220137 106.466 722
-0.145556 164.292 829
0.730409 105.331 132
0.761915 89.9788 1017
1.8666 -32.6899 46
0.351003 98.7363 249
0.585631 72.0779 787
0.601294 73.43 788
-0.067016 110.121 112
0.466955 40.9854 624
0.0497817 101.85 375
0.487821 40.4566 1
0.0560415 99.4119 808
-0.925795 195.273 1005
0.221535 67.307 628
-0.341018 153.37 852
-0.327293 137.335 163
0.554366 42.2822 258
-0.030172 127.061 631
0.469901 36.7019 885
-0.0547527 136.945 429
0.298443 98.244 44
-0.419971 186.898 33
0.553757 77.5444 147
-0.634536 246.114 342
-0.190761 146.604 753
0.702329 -10.1442 372
-0.425436 172.828 1011
-1.66352 349.03 657
0.456279 147.883 216
0.926323 83.1726 657
-1.32746 260.263 216
0.44593 18.9171 798
-0.717302 169.538 371
0.0949975 27.0296 859
-0.107856 69.4975 249
-0.501833 136.571 607
-0.139884 51.8913 751
0.351424 23.6918 157
0.206437 129.036 190
0.331816 98.1553 128
0.61047 61.0031 1022
-0.587755 175.855 259
0.157394 110.865 732
0.0482252 138.085 1001
0.212353 109.093 451
0.731993 18.2684 163
-0.0687919 73.4987 663
-0.120033 85.0921 565
-0.0963977 97.5535 175
-0.178016 106.913 754
-0.0695205 94.9762 277
-0.0508239 95.8897 535
0.0873729 92.7321 907
0.187025 66.7572 239
0.0736201 96.2525 741
0.0495804 98.1902 680
0.430668 67.7542 448
-1.03237 299.989 373
0.946443 -13.9193 753
-0.265371 150.653 375
-0.641986 235.353 176
0.40972 86.8963 718
2.29896 -123.071 46
-0.377497 170.06 826
1.26157 -7.02432 943
-1.46151 274.958 37
0.246584 142.804 972
0.470428 140.556 902
-0.521519 258.814 238
-0.234445 189.243 876
0.168565 151.303 276
0.672268 63.435 787
0.556444 59.1095 179
0.27363 69.9151 794
0.274327 62.9443 624
0.0629542 95.8612 396
-0.318367 132.998 911
0.274626 57.4619 604
-0.16999 98.7239 190
-0.273908 136.328 547
-0.09026 128.709 567
-0.0706313 128.703 710
0.0650079 115.288 923
-0.466718 193.483 510
0.0582964 123.027 937
-0.110103 129.846 190
-0.0250571 124.169 529
-0.141961 144.062 174
-0.0873177 131.111 333
-0.0307662 121.911 691
-0.32578 181.606 766
0.076781 112.558 522
1.10612 -27.8282 25
0.94 22.8855 982
3.10874 -203.015 246
0.160212 30.9555 156
-0.0658248 47.8629 743
0.03286 42.8693 711
-0.275438 73.6747 298
0.98985 -53.7753 103
0.253035 27.02 991
0.228671 17.1712 298
0.0893284 132.757 955
0.527747 58.9088 128
0.712074 14.3008 160
0.692434 8.01947 994
0.471461 70.1314 610
-1.38736 290.671 40
-0.323153 163.927 193
0.660977 24.3952 163
-0.0747379 70.7466 663
0.305639 43.0277 590
-0.0957946 94.5573 691
0.0373312 78.2163 618
0.280398 51.3218 140
0.0499462 85.3132 928
-0.758629 187.467 154
0.190894 75.6552 394
-0.0811891 107.287 973
-0.0429411 105.933 646
-0.126006 107.953 933
0.633489 73.1131 398
-0.807625 188.714 594
-0.757394 166.474 352
0.0600964 101.315 1000
0.0690171 109.538 695
-0.341272 132.875 903
0.181217 87.9581 312
-0.379921 168.17 826
0.509598 62.7423 269
-0.517186 246.384 238
-1.70658 362.976 945
0.26709 136.588 333
0.31 120.566 309
0.358484 124.589 466
0.623831 135.95 197
0.445773 94.3208 211
-1.86443 269.736 751
-0.77268 230.149 607
0.174065 74.5598 794
0.0632193 90.1246 427
0.0694434 85.7199 941
0.689668 -0.874956 699
-0.363967 138.941 163
0.197077 92.9568 700
0.0588515 117.331 145
0.809603 15.8696 730
0.473796 59.0443 542
0.219358 106.821 751
0.0990136 114.484 535
0.511841 78.4652 229
0.830515 11.6427 698
-0.522836 190.383 32
-0.57184 190.737 857
-0.0620549 124.332 187
-0.465321 215.656 210
0.794101 31.1857 122
0.98699 2.49914 767
-1.85283 284.951 191
0.208077 17.6685 721
-0.136092 63.8602 771
0.338018 -12.9116 306
-0.0928013 55.9125 691
0.0846685 37.7046 938
-0.195047 77.2426 500
-0.207853 55.3351 253
-0.407932 161.697 940
0.795655 39.2479 1022
0.284351 37.3323 361
0.582177 24.0337 994
0.223078 108.818 962
-0.438141 196.898 849
-0.32433 163.856 321
0.701704 19.2208 163
0.182125 52.8053 966
-0.0676783 82.1875 599
-0.161415 113.895 58
0.170511 73.1945 934
-0.385241 130.775 120
-0.0791237 94.7752 932
-0.391877 144.22 921
0.620275 28.7678 61
-0.0852957 103.32 742
-0.250303 122.796 984
0.306996 73.0825 231
-0.500157 156.941 379
0.628229 -33.1362 177
-0.0806116 105.839 861
0.479865 27.7117 271
0.710248 13.0388 348
0.653838 -13.931 177
0.304824 60.7793 176
1.64532 -55.6537 9
0.112728 124.109 772
0.643656 43.5691 238
0.18925 146.11 191
-0.285017 222.918 308
-1.83666 431.879 383
0.200031 150.795 339
-0.135619 191.549 528
0.371605 162.922 972
0.276152 155.476 278
4.21565 -273.305 826
0.740393 23.3118 179
0.626375 -17.3975 402
0.546264 56.6153 672
0.480407 25.5912 731
-0.429505 146.821 131
0.232922 106.737 737
0.0825694 115.35 249
-0.184657 138.53 769
-0.440797 133.391 190
0.45324 69.6046 751
0.291195 89.8613 151
-0.0312897 123.457 683
-0.355366 139.484 684
-0.0655593 124.628 740
0.0534216 117.913 398
-0.117919 139.431 803
0.0423773 120.262 494
0.546611 62.3205 186
-1.12168 186.863 222
-0.296531 52.9308 747
0.499557 -13.4457 816
0.120508 34.2836 1022
0.0989904 34.3937 619
-0.329464 69.6303 516
-0.480495 139.516 860
1.09498 -130.367 433
6.15126 -1035.6 669
0.62698 39.755 128
0.515024 29.4646 160
-0.0439593 77.9214 313
-0.244085 131.208 469
0.241509 105.239 994
-0.0553608 150.548 890
0.295484 100.437 163
0.636629 25.0741 163
-0.0789143 72.5933 663
0.199528 46.7076 578
0.200434 64.5598 926
-0.382095 145.178 434
0.49655 28.4884 1007
0.0732355 76.9667 923
0.584771 46.0179 261
-0.117086 115.839 392
-0.76079 208.692 381
-0.428595 185.083 242
-1.00445 282.056 669
0.272741 67.3799 958
-0.100783 104.737 520
-0.339377 157.755 271
0.666062 72.3741 251
1.40414 -36.035 39
-2.30757 410.782 888
-0.755852 192.704 170
0.599397 -1.74448 281
-0.422415 189.809 707
0.306578 121.613 647
0.853053 6.5337 241
-1.73476 397.582 888
0.260123 137.082 344
-2.16292 485.168 65
0.908434 19.0033 176
-0.128981 210.66 830
0.567851 141.814 45
0.342978 182.248 751
1.30325 -57.3718 91
-0.082476 86.8135 821
0.836672 -11.1434 12
0.111447 67.7401 128
0.350232 67.0932 705
0.239359 92.5566 962
-0.0507559 133.504 523
-0.277126 153.5 257
0.844787 -2.4964 195
-3.04371 483.001 510
1.2207 -112.109 949
-0.16791 141.953 20
0.296133 92.0323 1017
0.0465938 117.3 838
0.0640531 118.165 805
0.409828 80.9651 27
-0.0496325 135.152 829
-0.932872 166.017 253
-0.124388 47.0465 783
-0.604969 112.858 858
0.494482 -22.4766 633
-0.0556039 48.0446 376
-1.2936 293.197 311
-0.523139 105.799 688
-1.07526 152.407 894
-0.464408 133.872 798
0.856051 10.6106 443
0.654612 37.7204 1022
-0.191476 94.4949 97
-0.0503188 79.467 595
1.81313 -218.142 884
0.471287 66.2714 546
0.918106 10.2814 413
0.301184 99.1307 195
0.6493 22.7155 163
-0.0850972 79.0381 424
0.162164 64.8746 909
0.0824715 75.3443 999
0.680892 8.7549 8
0.0601977 77.6651 231
0.308782 30.6451 820
0.05178 89.4774 823
0.71542 -47.6191 950
-0.068367 109.628 335
0.0892139 90.1364 155
-0.0515654 96.4852 376
-0.0657592 98.9049 987
-0.470754 142.711 169
-1.3729 282.401 22
0.570282 0.329351 435
0.060154 99.2049 248
0.925747 26.7974 170
-0.0746352 128.252 551
-0.529282 168.565 958
0.134854 116.637 808
0.198437 123.859 823
0.283497 109.748 767
-4.95378 1141.74 734
-0.411914 219.659 987
1.55612 -108.118 765
-0.825809 267.625 198
-0.0853134 202.137 788
-1.07815 407.991 766
0.315218 166.407 331
0.240706 168.121 58
-2.17363 486.962 25
-0.442324 116.434 826
0.194128 54.3696 794
-0.428254 142.655 163
0.283581 87.5442 994
-0.529121 182.432 167
-0.275258 144.889 782
0.800423 10.0849 163
-0.24851 86.5688 563
1.98275 -279.113 949
0.204936 83.6137 123
-0.0735412 136.723 123
0.0563357 114.26 137
0.262248 101.256 36
0.145037 105.23 406
1.42232 -73.666 128
-0.723403 98.0629 952
-0.695253 72.0238 409
0.374489 -26.9908 280
-0.496163 131.46 607
-0.587455 95.5707 894
-0.0737972 47.365 953
-0.497326 119.64 625
-0.299062 122.011 798
-0.365068 146.183 187
-0.137013 146.54 620
0.0764935 68.4558 652
-0.118613 95.9037 274
-0.181905 100.612 174
1.97714 -256.851 852
0.27303 98.4176 994
0.382441 92.4827 22
0.376788 81.5823 835
-2.20525 544.208 853
-0.0980244 80.2158 424
0.586843 -39.1354 982
-0.0401843 85.0855 1000
-0.351168 125.945 89
0.103983 70.2684 333
-0.128389 96.7271 959
-0.220094 113.932 1019
0.328793 61.7571 974
0.161535 94.0016 556
-0.242899 122.961 379
0.105996 88.5258 523
-1.38293 284.505 383
-0.31709 124.717 862
0.251768 68.706 108
0.201097 76.5496 206
-0.0972306 130.34 374
-0.155709 128.392 459
0.226127 82.5291 274
-0.11384 136.87 370
0.383599 67.9337 109
1.55244 -150.107 240
1.04317 79.4508 973
1.57578 6.29104 848
0.140182 172.663 690
-0.0328708 195.657 821
0.0924477 179.963 810
-0.0975877 203.22 618
0.112219 182.863 658
0.613477 112.472 317
-0.303178 216.401 315
0.660267 95.4577 111
0.89947 20.6372 821
0.27937 40.4211 751
-0.581638 156.878 163
0.299457 85.1105 994
-0.127387 139.831 726
0.0601739 126.294 906
0.810764 7.40543 163
-1.6155 270.948 130
0.611105 6.58145 183
2.14044 -195.104 915
0.162358 102.374 657
-0.0646993 122.137 774
0.17393 98.6737 411
0.568549 56.4038 186
-1.01552 165.911 222
0.182679 26.5348 1003
0.482897 0.122347 170
-0.2664 80.622 411
0.230908 23.6765 1021
0.0741796 39.0138 652
0.0485258 45.4535 534
-0.90172 186.09 128
-0.522346 158.944 956
0.444335 75.8247 636
0.435267 73.2246 575
-0.882361 194.711 479
-0.438864 130.54 1010
0.112132 54.0539 404
-0.652809 177.023 163
0.215611 105.798 962
-0.0722618 145.932 757
-0.380545 171.116 385
0.681161 22.3603 163
0.0878999 60.2742 843
0.0924074 59.4182 25
-0.485532 111.665 640
-0.129366 90.2243 742
0.284004 53.7072 266
-0.17351 114.833 465
0.0600344 90.3216 999
0.113717 82.5572 367
2.06502 -72.5929 990
0.0757311 75.0955 954
0.0974974 85.0531 807
-0.0805983 96.8006 587
-0.0771759 108.423 691
-1.48956 307.965 539
0.957973 19.239 202
0.863463 -0.580592 65
-0.414478 170.458 299
0.173933 107.012 1022
0.382424 69.5219 365
-0.400069 177.275 407
1.6206 -101.807 575
-1.21509 353.627 475
-0.638032 209.395 346
0.26862 162.278 972
0.211843 151.238 206
0.0949012 177.098 123
-0.107887 208.635 777
-0.104234 207.538 59
-0.102654 209.064 78
0.407326 120.056 735
-0.0614674 209.581 854
0.715862 78.342 436
0.837514 25.145 854
-0.253364 111.836 469
0.285716 83.8792 962
0.073143 119.904 464
-0.110131 138.436 577
0.717371 19.3866 163
-0.443944 106.368 898
-0.112547 56.3785 58
1.05375 -16.2584 751
1.72859 -104.024 543
1.03883 71.8283 768
-0.296926 157.865 97
-0.91957 164.798 253
-0.0453826 42.2703 427
-0.117538 56.4045 367
0.834573 -23.6971 453
-0.320553 70.6897 926
-0.0798319 52.3526 632
-0.0674734 50.2281 551
-1.50931 341.107 860
-0.929687 201.809 160
-0.105141 139.843 376
-0.179081 156.294 987
0.0979159 134.797 794
-0.0894965 82.3978 840
-0.0884786 81.8005 783
0.0923817 64.031 932
-0.271554 130.016 469
0.223065 105.242 962
-0.106234 147.524 742
-0.419361 174.207 257
0.620621 30.3076 163
-0.790221 173.64 98
0.345775 9.05887 949
0.147323 56.6586 818
-0.0474287 87.1151 787
0.0861168 71.4871 90
-0.111838 102.525 559
0.308142 52.4513 85
1.68027 17.9324 473
-1.49239 352.883 700
0.969771 -91.6116 372
0.236315 60.5789 753
0.0498516 88.6094 650
0.0794496 87.2383 370
0.0878215 97.0775 463
-0.489663 171.472 363
-0.106241 130.821 278
0.141457 97.0083 407
1.07975 -32.2334 543
-0.838715 192.55 93
-0.325151 189.209 616
0.242576 152.951 953
1.39406 112.01 157
0.285797 149.085 973
0.42244 123.497 354
-0.0754822 194.19 810
-0.264308 217.558 826
0.127147 175.33 344
0.102398 175.958 923
0.973031 115.081 133
0.184277 185.22 718
0.119144 191.923 740
0.540949 123.291 948
1.096 -3.5172 1015
2.7453 -307.712 1012
0.291975 82.5735 962
0.286937 97.6901 911
0.500467 88.0684 5
0.725984 19.1282 163
-0.401745 99.142 930
0.0842834 27.3384 489
-1.17424 236.815 798
-0.836323 228.466 156
0.532432 124.119 574
3.61488 -240.827 825
0.57296 16.1965 250
0.0971905 38.5649 284
-0.0735309 59.9824 531
0.836538 -65.9552 571
0.403685 3.52632 105
-0.521249 91.1852 895
-0.222748 80.5482 526
-1.41194 228.23 160
0.279057 108.749 989
1.03946 -51.2816 638
-0.0345463 146.34 973
0.276911 86.9374 242
-0.495301 136.363 120
0.0531648 72.2494 969
-0.376177 134.252 1013
0.558173 22.803 994
0.27739 92.0088 700
-0.316281 181.278 946
0.215647 118.274 597
0.717448 16.4557 163
0.0921151 52.1456 232
0.19837 41.5423 700
0.143865 52.8978 828
-0.09777 86.7057 822
-0.486475 147.795 762
-0.501282 185.939 734
-0.518204 159.134 511
1.39563 22.9289 505
-0.903101 262.7 732
0.507072 22.2375 979
0.220878 53.493 526
0.129532 80.2085 823
0.271606 61.0366 206
-0.331499 160.516 339
-0.687243 141.125 901
-0.34654 133.692 830
1.51642 -92.0484 543
6.21099 -1053.71 342
-0.379124 214.632 574
-0.764568 245.118 720
-0.806922 309.76 340
-0.219364 197.252 561
-0.136738 188.873 427
-0.0622903 182.961 788
0.182468 150.09 500
-1.00276 323.22 65
0.179326 161.284 237
-0.105529 199.563 788
-0.0497349 196.245 618
-0.288265 208.41 903
-0.262 232.139 543
0.382997 126.556 310
-0.0851919 220.572 821
0.769758 52.4277 854
-0.199027 143.276 469
0.254112 114.594 452
0.248658 83.4176 860
0.897509 -12.9341 3
-1.55036 332.997 373
-2.27135 292.419 93
-0.334622 224.031 376
-0.361311 222.277 408
0.357973 167.54 793
0.394135 183.417 751
1.26102 -51.5409 951
0.447899 -13.4131 914
1.23695 -119.718 666
-0.827778 203.377 671
1.08325 -67.0713 136
-0.409553 64.7961 63
-0.817209 205.424 892
-0.199213 142.963 799
-0.168927 148.597 218
-0.237174 185.306 607
0.207337 114.764 542
0.132752 126.378 394
-0.286102 119.088 478
0.0768831 73.449 827
1.15616 -85.6427 286
-0.654832 173.135 163
0.304403 94.4751 994
0.511294 77.1681 24
0.108532 125.631 929
0.760538 14.5201 163
0.0811046 56.4524 232
0.269752 35.7861 738
-0.486 139.19 121
-0.16027 109.302 433
-0.053067 91.9223 91
0.30608 74.2158 756
-0.165772 103.728 513
0.931461 24.2963 327
-1.17538 197.466 909
0.45546 5.98723 819
0.308453 38.7967 206
0.737122 -39.6432 240
0.304016 49.2438 308
-1.06832 248.887 572
0.139561 90.0724 691
-0.261101 134.173 376
-0.484894 172.359 987
-0.328894 170.037 973
-0.884832 249.48 235
-0.895116 226.577 1020
-0.127654 179.072 31
-0.307086 202.594 296
1.18041 9.53318 539
0.697394 60.8479 465
-0.15908 186.523 527
0.198997 165.6 183
-0.142393 203.796 406
-0.056776 192.31 31
0.758473 42.7768 860
5.87593 -981.166 765
0.0768484 186.764 928
-0.0948725 214.527 249
-0.277585 218.533 985
-1.9601 437.223 122
-3.25232 525.787 151
-0.372658 182.049 475
0.260861 90.7413 128
-1.17053 304.357 500
-1.50993 280.939 987
-0.453523 234.21 550
-0.360781 220.941 799
0.0766181 187.801 798
-0.266973 231.375 625
0.549445 99.5864 281
-1.92513 428.307 764
0.0757588 35.952 690
-0.717427 135.044 85
0.711926 -45.7272 817
0.370155 -7.92623 96
-1.62233 355.837 860
-0.671886 186.286 861
0.276207 117.144 877
-0.167642 150.282 315
-0.183067 157.605 1004
-0.0378949 146.3 401
0.0695854 134.336 685
0.36365 35.3974 604
0.0690631 76.8187 741
-0.228521 108.62 245
-0.595785 168.3 163
0.33009 107.517 909
-1.07286 295.585 287
-0.574829 193.412 180
0.784249 13.4941 163
0.278872 50.1371 471
0.473868 55.0022 219
-0.254295 116.631 510
0.418901 37.7375 73
-0.781729 142.66 358
-0.165925 95.2734 471
-0.129694 94.2766 347
-1.07307 265.173 232
-1.97072 479.26 917
0.339261 55.1117 1004
-0.305691 122.556 299
0.221756 67.805 581
-0.1279 111.476 489
0.51557 17.6073 271
-0.271031 140.685 407
-0.302441 151.14 987
0.169761 119.446 520
0.980106 -29.4667 271
0.680363 78.6877 590
0.0915263 146.746 374
0.562978 85.4695 543
-0.244188 180.561 528
3.92708 -617.952 765
-0.27467 202.85 561
-0.24151 198.592 559
0.352594 122.222 335
-0.200473 205.284 277
0.361367 126.844 691
0.980044 20.3227 302
-0.311873 211.323 826
1.14236 -37.5542 765
0.286216 155.24 793
-0.065397 193.268 788
-0.4151 219.23 985
-0.622047 239.804 391
-0.402163 200.522 767
1.3015 -47.5745 206
1.94577 -197.181 280
0.475164 114.252 206
-0.547135 295.037 607
-0.0539773 203.729 279
-0.349781 243.238 0
0.473805 119.257 884
0.153873 198.154 990
-1.65569 258.561 887
0.0378965 40.4472 244
-0.191443 51.7633 940
0.186803 30.295 940
-0.159487 73.4718 500
1.62027 -50.124 1021
0.252767 115.201 989
-0.161395 155.713 160
0.362936 96.0225 699
0.144221 130.705 758
-0.229716 168.462 149
0.0227549 135.237 1000
0.134678 75.1995 460
-0.354821 129.619 98
0.120213 74.2648 907
-0.596577 168.909 163
0.286327 99.2053 962
0.426905 128.893 440
-0.305973 172.819 193
-2.22714 506.244 852
-0.620669 149.445 98
0.136637 67.0758 799
0.102062 73.3634 769
0.0587796 75.7898 397
0.122042 63.5087 268
0.0665938 72.6374 923
-0.146914 104.987 531
-0.94223 253.128 129
-0.727466 192.656 20
-1.23151 157.94 672
-0.0840629 101.783 993
0.812967 16.4867 233
0.209024 66.2053 339
-0.186685 126.36 376
-0.253935 138.754 408
-0.66606 156.753 221
-0.803194 161.77 901
0.393262 74.1588 174
-0.276766 163.752 973
0.192866 123.216 401
0.15322 136.323 798
0.360718 94.1951 206
0.369825 141.327 996
0.115386 151.058 905
-0.0853402 176.708 178
-0.327697 214.634 771
-0.627264 284.685 340
0.11683 160.256 999
0.243377 146.393 800
1.02031 44.968 24
-0.954531 347.223 607
-0.085871 180.664 529
-0.756273 315.11 436
-0.410132 227.948 574
-0.962957 293.237 858
1.85495 -172.353 310
0.390372 130.443 574
-0.270028 208.963 799
-0.208196 227.852 575
0.34477 132.043 403
0.522579 135.603 943
0.585983 119.439 97
0.652204 116.754 85
-1.97186 295.018 473
0.517835 13.9968 746
1.31824 -93.3798 72
-0.396864 98.2262 642
0.266972 23.2743 957
-1.08741 209.609 128
1.12291 -62.1814 637
0.243463 100.886 605
-0.279716 174.464 16
-0.182416 158.291 297
0.062187 137.753 774
-0.232764 171.653 478
-0.0901229 145.065 989
0.0934148 75.0306 566
0.678969 -45.1658 372
0.478273 27.636 30
-0.658609 175.765 163
0.392951 105.563 909
0.520562 107.778 288
0.266624 114.605 246
0.73416 20.749 163
-0.587087 148.486 130
-0.0745082 80.6853 970
-0.0921642 86.9107 397
0.063863 76.3663 839
0.189856 69.2391 997
-0.181728 97.405 831
0.858967 38.9277 757
-0.853414 284.266 994
-0.302606 150.618 183
-0.800259 213.692 591
-0.135396 102.52 954
0.469457 27.5694 411
0.513401 37.8048 236
-0.197059 129.245 408
-0.299995 138.655 159
-0.32211 148.944 550
0.902015 27.0483 848
-0.122519 146.293 376
0.215561 110.29 550
0.417274 106.316 396
1.27299 -28.2956 223
0.0966644 144.525 501
1.46265 -14.4843 848
0.113706 138.517 374
0.175568 133.948 497
0.178454 121.848 500
2.08738 -252.773 765
-0.114953 185.705 91
-1.01063 260.861 984
0.123897 155.643 501
0.228155 144.502 216
-0.590309 190.572 1023
-2.94264 743.8 734
1.54125 -104.642 340
0.426532 148.087 973
-0.0818559 199.312 375
-0.711063 316.46 607
0.073001 183.356 129
-0.0346102 193.605 838
-0.150592 213.454 625
-0.597249 220.835 284
0.992911 72.2975 958
1.00648 90.0751 751
1.96981 -35.6891 692
-0.260883 77.4492 335
0.309099 5.647 922
0.216685 29.0793 746
0.835339 4.86409 1023
-1.34689 228.013 160
-0.118939 152.896 955
0.0374381 137.845 370
0.271295 128.385 672
-0.158307 154.825 580
-0.488929 201.681 1009
0.152271 125.557 234
0.446121 61.6269 606
0.112006 73.0739 523
0.325312 25.8116 592
0.67571 13.1916 167
0.528613 31.6006 994
0.282321 100.882 994
0.0439775 145.618 521
0.225835 118.996 182
0.788433 14.3283 195
0.133285 57.1013 503
0.130157 65.8393 737
-0.0450563 83.4102 998
0.0552127 74.3401 808
0.34927 36.9765 849
-0.0691553 92.154 206
1.46311 -92.452 890
-1.6437 403.058 642
0.170926 118.864 804
0.133488 90.3235 1015
-0.824911 229.768 819
-0.227498 121.684 407
-0.348769 134.159 156
-0.254832 128.106 159
-2.32572 570.102 734
0.469566 55.7852 754
-0.114732 129.237 247
-2.9198 527.349 602
-0.122385 146.714 376
-0.191081 149.849 408
0.255555 127.82 774
0.20521 117.337 691
-0.943033 224.757 133
0.130966 128.635 407
-0.665406 177.737 901
-0.196456 177.74 561
-0.145722 162.605 1002
-0.222301 165.856 839
0.487587 101.235 793
-0.566874 209.844 1018
0.643329 74.1389 205
-0.88069 312.221 308
-2.20614 609.001 734
-0.1808 204.545 375
1.31125 4.23694 478
0.101965 176.127 973
0.426685 109.466 669
0.399869 116.03 342
-0.070775 203.203 128
0.0660228 188.54 557
-0.720009 236.999 222
1.77861 11.2467 1020
-1.35125 324.395 35
-1.88759 269.203 537
-0.136265 68.8129 918
1.02465 -95.3858 21
0.171928 26.9469 827
-0.659245 185.035 892
1.01307 -8.42234 633
0.161229 123.583 442
-0.0959999 149.321 1023
0.657973 68.3996 16
-0.0231179 143.94 875
-0.068374 149.636 406
-0.417625 220.618 639
0.484322 101.211 293
-0.369905 133.544 508
-0.041713 84.372 745
-0.0373227 87.0146 829
-0.589692 171.321 163
0.298178 99.0719 962
-0.0244237 151.086 250
0.191794 123.405 182
0.850284 8.35308 227
-0.990009 199.783 98
0.0843511 62.1142 627
-0.0344541 82.6049 873
-0.0519762 82.9402 554
-0.0536455 87.7008 495
0.0765184 71.4034 613
2.54298 -66.7833 577
-1.43132 345.222 655
-0.994157 241.585 654
0.142995 113.191 400
-0.970488 174.488 718
0.873825 -15.9918 443
-0.298226 127.266 159
-0.375631 140.786 941
0.745759 -15.1489 371
-0.664581 187.143 298
0.357931 95.1287 190
-0.14872 143.486 376
0.256178 89.212 955
3.51592 -559.705 735
0.619282 49.6521 497
4.186 -462.896 478
-0.423168 185.306 690
0.427868 67.6342 986
0.881595 33.8123 920
-1.01195 286.363 475
0.736877 52.6135 920
3.91407 -613.656 797
-0.578234 187.959 179
0.355662 123.234 369
-0.402878 193.159 565
2.88666 -375.403 342
-0.510309 220.899 452
0.0611817 171.185 787
1.00859 -8.88965 342
0.339882 127.92 607
0.0347286 189.902 588
0.296709 172.014 358
-0.0773149 210.463 892
0.605837 86.0002 892
0.593497 27.0835 374
0.561571 43.2309 375
1.33571 -50.8649 955
0.465714 12.3695 746
0.481915 11.379 576
-0.648207 125.834 825
-0.613152 168.201 860
0.754361 33.415 316
0.148583 123.888 410
-0.032398 146.489 558
-0.0288182 144.314 841
-0.0455974 145.653 334
0.0723361 131.271 299
-0.0267496 141.691 400
0.158495 115.016 303
-0.258702 175.376 380
0.227042 70.343 934
0.738036 -15.16 635
0.187803 58.913 753
-0.559457 170.016 163
0.311321 98.3457 994
-0.0324034 153.785 711
-0.322592 174.981 257
0.815822 14.6414 163
-0.0913513 76.9072 424
0.162536 49.2521 700
0.142157 68.7566 957
0.0467966 75.0153 263
0.155995 72.5366 314
0.767128 11.9315 384
-1.47593 298.308 963
-0.769436 294.08 578
-2.43153 505.818 980
-1.79108 357.694 510
0.460081 73.7062 584
0.176808 71.265 531
-2.20336 199.894 188
-0.196286 128.111 799
-0.530513 153.499 957
1.06101 -92.3218 342
0.206027 102.128 397
-0.120031 133.323 532
0.270949 85.4089 558
-1.59825 407.774 638
-0.244622 129.389 407
2.67284 -133.85 893
1.15953 -2.76725 794
-1.20815 276.717 574
1.42687 -152.629 308
-0.900173 161.797 783
-1.93891 377.071 575
1.43638 -115.387 205
-2.01413 299.208 160
-3.15895 607.285 65
0.866756 38.6828 575
0.0314564 180.505 589
-0.206422 201.925 893
0.260895 156.853 171
0.162818 166.84 591
0.0471557 182.199 313
0.327935 150.547 601
0.835011 39.2899 767
-7.07124 1409.74 607
-2.79026 552.827 575
-0.588146 189.611 767
-1.52199 295.076 160
-2.15924 330.525 316
-0.139585 51.3975 458
-0.359543 102.747 819
0.342834 15.8126 926
-0.773733 193.44 892
0.957596 -3.2059 538
0.196572 119.027 316
0.236458 121.155 19
0.446809 84.0559 56
0.491394 45.5549 702
0.0244204 137.76 843
-0.196703 178.642 243
0.0328532 136.092 678
0.293991 99.9497 921
-0.455622 133.942 45
-0.239181 104.754 847
-0.0568937 89.0084 567
0.469207 67.3249 705
0.32967 96.1333 994
0.0658869 145.857 492
-0.24378 168.307 321
0.863986 8.95556 163
-0.612833 149.212 226
0.145868 55.4977 962
0.0577639 74.5198 999
-0.185052 90.8553 694
-0.682539 163.969 889
0.05807 74.3931 868
-0.115733 89.8647 627
-0.688876 214.766 250
-0.388131 188.994 896
1.69956 -9.30714 452
-2.0553 354.29 881
1.00188 -76.6686 403
0.202857 90.154 191
0.208219 95.7923 93
0.418915 44.034 466
0.37966 85.4374 989
-0.141792 134.029 558
-1.52039 240.979 862
1.96151 -45.2292 544
-0.415266 153.304 278
-0.910031 152.489 783
-1.08409 268.212 860
0.27427 66.3947 376
-1.71136 211.28 952
-1.52574 274.823 332
-1.47523 154.66 814
-1.67696 368.957 343
1.48157 -56.8078 191
3.22359 -285.903 254
-0.724308 262.989 825
-0.294506 235.429 607
-0.0616206 187.804 278
0.709282 81.0985 507
0.244881 155.74 816
0.402841 147.003 39
0.518343 94.708 767
-5.06522 1060.91 607
0.559391 57.7837 156
-0.586352 189.029 767
3.57461 -524.978 607
-4.86599 779.181 573
-2.17084 324.591 222
0.558194 -60.059 669
0.0398087 37.3947 345
-0.43301 95.122 150
-1.51801 121.097 704
0.88207 10.9756 379
0.180157 120.744 347
-0.0408251 149.515 408
-0.0591749 149.298 653
0.480243 77.1322 382
-0.0746728 151.404 688
-0.0648863 145.337 773
-0.0386014 143.332 680
0.0162201 136.482 278
0.324761 73.0797 734
-0.509939 131.307 262
-0.150292 92.707 789
0.0359294 79.2713 807
-0.585503 171.846 163
0.317063 96.496 994
0.0733343 139.271 559
-0.240158 166.978 289
0.748288 24.0325 163
-0.775726 163.446 181
0.108606 58.499 432
0.0651957 74.1919 904
-0.220739 90.4738 747
-0.137659 90.3804 957
0.332461 46.8854 202
-0.200752 92.1474 183
1.85166 -168.101 25
-3.3478 438.96 357
0.191005 110.039 821
0.522853 68.9203 629
-0.402872 145.361 160
-0.622977 151.401 988
-0.216545 118.699 964
-1.08066 320.761 733
-0.157923 122.889 683
-0.31646 152.998 112
4.76893 -829.946 766
-0.299373 101.713 550
-0.751494 120.313 973
0.815729 -88.748 433
5.23265 -661.391 96
1.78445 -60.9479 989
-0.628473 163.388 558
-0.399413 117.003 376
1.65743 -26.8772 653
1.49698 -110.748 237
0.961617 57.0537 222
0.0862595 164.966 527
-0.330954 203.564 169
0.221734 146.716 793
0.865463 58.6007 656
0.465178 141.029 165
0.0424479 178.847 986
-2.55203 511.436 574
0.682846 21.8335 375
-0.180203 139.805 886
-0.481955 166.434 953
-0.360181 206.763 307
-3.11359 557.865 573
-8.26389 1615.34 638
-0.120843 49.93 1022
-1.31324 184.721 82
-0.451272 99.8627 181
0.105761 34.1844 442
0.913037 6.69807 410
0.583081 29.5635 637
-0.233039 168.566 924
0.102175 143.897 221
-0.193712 172.21 245
0.450338 106.817 416
0.029918 141.349 998
-0.131321 154.057 815
-0.375451 179.289 60
0.343709 112.316 512
-0.521961 190.971 7
-0.15645 115.748 307
-0.106364 92.4339 769
-0.673748 211.007 702
1.5769 -179.333 884
0.300354 99.5208 962
0.0494362 146.773 528
0.210562 122.302 214
0.789877 20.2571 163
-0.12989 84.8625 595
0.876057 -2.30217 262
0.0464315 71.9587 954
-0.0689223 89.7293 111
0.191521 65.6374 758
0.300304 60.8674 164
0.27412 50.9441 825
2.53624 -246.196 57
-0.672531 217.469 811
-1.6433 482.346 177
-0.329676 137.984 711
0.569596 65.0619 925
0.275898 81.1839 942
0.329752 74.6988 78
-0.188301 124.855 93
-0.462944 135.871 190
-0.46279 132.836 722
0.722947 -0.97207 298
-2.08643 431.184 607
-1.89223 206.177 989
0.516022 -20.3839 890
0.436531 23.8744 755
-0.312787 116.384 178
0.675766 25.2798 838
3.60854 -101.489 902
2.26189 -206.91 443
-0.767899 227.166 987
0.135068 169.165 1022
0.293472 153.028 991
-0.133294 176.973 284
-0.492843 246.646 433
0.20995 143.245 668
-0.597774 284.163 607
0.501116 73.8222 1015
-3.32431 485.133 120
-0.359515 166.076 178
0.247818 78.735 277
-0.608899 213.367 660
-3.89932 650.121 543
-13.4187 2653.1 342
0.867662 -80.7157 33
0.0863089 33.7888 890
1.45183 -146.052 87
-0.85377 109.188 256
-0.269827 94.0608 404
-0.89791 157.433 629
1.02047 41.501 958
-0.115789 155.189 724
0.711723 48.0837 350
0.045488 143.678 808
0.022177 145.28 552
-0.454748 193.3 17
-0.0523937 150.791 335
0.685962 46.4015 319
-0.0551222 144.192 399
0.0392772 134.893 1002
0.025666 85.9094 620
0.653969 0.0866734 667
0.12009 68.0825 597
-0.255111 125.139 469
-0.149576 155.959 469
0.426558 99.5716 976
0.207104 124.645 214
0.785808 21.3115 163
-1.06166 210.988 130
0.378805 14.3533 706
0.437127 25.0786 117
0.881064 -37.7461 56
0.0816772 75.5605 491
0.37364 10.7296 468
-0.12276 104.029 97
-0.579437 177.543 916
-1.10909 257.806 567
-2.0619 343.315 180
-0.757487 190.237 362
0.304262 73.198 129
0.793039 39.8199 895
0.271051 87.7752 973
-0.582061 139.032 774
0.776928 12.3515 160
-1.09564 166.905 1018
-1.42183 176.171 516
-0.287878 80.6845 216
5.5173 -892.104 606
-0.480497 106.476 873
-0.116332 65.0099 145
1.09238 -65.6522 793
-0.386101 106.288 437
-0.773264 169.706 597
0.619291 75.8106 191
0.0774461 161.871 375
0.228257 149.133 93
0.321887 108.455 499
0.321418 111.93 434
-0.254847 202.665 707
0.629137 62.1761 638
0.508789 156.92 756
0.545621 111.552 657
-0.600626 165.056 832
-0.299129 112.448 821
-0.381855 157.269 244
0.179329 113.641 620
0.790223 -32.5673 924
0.277793 11.2136 138
-0.0652959 51.9687 501
-0.447434 94.2781 170
0.224904 14.5404 3
0.355344 -12.0589 706
-0.659133 140.984 128
-0.712486 148.374 661
-0.844461 187.875 959
0.468483 98.4544 12
0.158974 134.573 862
-0.354255 194.799 56
-0.306221 180.196 47
0.0918227 139.814 726
-0.0378035 148.557 708
0.507442 102.475 325
-0.0306016 143.65 391
-0.057294 147.843 796
0.226197 50.1571 305
0.223817 52.9747 593
-0.0770803 84.0889 470
-0.730207 179.788 163
0.368017 88.9916 994
0.153785 137.795 1016
0.167565 124.298 963
0.785925 23.0635 163
-1.12291 220.407 162
-0.151901 94.0598 360
-0.161744 106.46 434
0.298404 34.7239 592
-0.603638 162.208 541
-0.941008 205.871 888
0.0637473 85.6898 438
-0.203433 99.5561 769
1.23146 34.2492 727
1.28602 30.1141 692
0.229221 55.8399 25
0.551078 31.0293 543
0.272965 59.3514 531
1.25496 -61.1407 542
-0.63901 172.552 732
0.248365 28.8375 620
0.114309 33.2575 840
0.434585 -10.3251 25
0.157088 39.6697 886
-0.516303 150.353 563
-5.52277 538.147 4
0.326245 23.7667 533
-1.83381 209.391 941
12.6802 -2371.19 671
-0.395588 160.193 408
-0.151461 195.649 531
0.331877 129.976 128
-0.335165 183.008 990
0.227722 125.784 955
0.25765 131.461 129
0.362243 145.599 909
0.0864329 178.236 695
0.134779 178.83 190
0.417539 147.732 826
0.628223 54.7041 469
-0.362167 109.314 732
0.716339 8.39186 960
-0.528609 175.073 545
0.688459 15.0758 439
-0.144007 64.7441 307
0.55343 -1.78463 38
0.858634 14.3412 188
0.716788 -50.6403 89
0.0697042 33.4326 379
-0.746567 199.452 892
0.489444 58.5068 636
-0.268741 150.695 661
0.270963 112.21 920
-0.0927392 158.181 78
0.477481 83.053 635
0.0704331 141.778 428
-0.413005 190.911 41
-0.0271277 148.728 370
0.454257 82.3422 666
-0.211098 156.098 516
-0.0557259 140.762 705
-0.389631 102.327 441
-0.401461 129.627 911
-0.0941192 85.6966 505
-0.70325 176.835 163
0.341493 92.5281 962
0.162938 135.685 815
-0.0682742 154.279 502
0.707937 33.1161 163
-1.07111 215.648 194
0.745116 -35.682 674
-0.0661571 86.5589 187
0.296942 30.2693 371
0.256393 49.3157 573
-0.211066 119.95 829
0.272796 82.149 652
-0.0742949 102.404 690
-0.944663 275.719 91
-1.76177 362.22 962
0.797463 24.8428 984
0.131692 83.3613 248
1.4 -60.8761 594
-0.690029 102.275 1003
-2.22841 475.277 342
-0.618989 121.217 823
0.135524 38.464 772
0.183938 36.1132 398
0.193624 34.0685 367
-0.441244 128.592 497
0.934198 -80.9762 563
0.549139 9.84474 247
2.86558 -374.355 637
-0.403758 178.053 377
0.681978 110.578 814
0.479677 100.578 668
-0.720249 235.198 847
-0.712127 190.48 1023
0.387586 122.104 799
-0.433911 217.134 3
0.701813 82.7207 1012
-0.0467102 191.98 599
-0.169808 213.896 3
0.0264077 194.601 370
1.42311 -29.7937 483
0.305158 20.9096 469
-0.952625 184.011 835
-1.06636 204.461 503
0.462927 21.9293 503
-0.0962384 51.2657 523
-0.414474 79.2787 576
-0.288165 92.029 668
-0.12193 55.4895 214
-0.34529 85.7886 186
0.661175 37.5667 379
-0.300018 178.894 892
-0.244479 161.053 718
-0.259222 162.56 27
0.100627 130.241 953
0.226829 114.326 793
0.258666 110.685 794
-0.152039 152.146 768
0.0216424 141.581 798
0.0505569 138.077 938
-0.505026 190.839 1005
0.384085 105.045 544
-0.106278 102.417 464
-0.0660395 88.8891 231
0.133496 58.315 515
-0.720946 176.923 163
0.41039 83.8666 994
-0.201658 173.146 51
0.176728 125.589 611
0.780079 25.0136 163
-0.99739 208.153 130
0.0972604 58.4435 123
0.115757 77.5486 903
0.608872 11.0907 152
0.35172 40.34 1010
-0.125892 112.894 1015
0.0914486 81.1417 237
0.0778216 84.1729 691
-0.156538 118.295 682
4.88674 -218.327 576
-0.223384 126.655 527
0.490101 17.4586 343
0.48056 30.6376 520
-0.966374 143.131 645
3.33385 -339.491 880
1.79164 -169.4 543
-0.496318 140.283 923
0.488842 0.917701 231
0.671705 13.8937 774
-0.738556 127.96 645
-0.680524 172.338 91
1.05438 -19.325 191
-0.401092 165.175 652
-0.213953 187.451 833
-0.519646 239.212 90
0.17526 147.933 620
0.339862 123.936 956
0.300742 121.463 830
0.0473163 146.729 248
0.429414 101.855 818
0.477906 89.2483 917
0.0852889 175.413 690
0.0889706 185.26 183
0.398584 152.808 881
1.07552 58.6332 182
-2.82209 600.308 949
-0.115261 61.603 918
0.72363 25.1272 359
-0.530443 114.409 855
-0.586005 123.562 699
-0.952286 180.315 24
-0.240294 66.1754 909
0.0739872 31.8324 531
0.821869 3.526 347
-0.859145 161.22 536
0.244369 116.125 379
0.03018 142.204 691
-0.0951247 150.844 953
-0.224542 169.617 794
-0.378832 204.127 819
-0.0943861 141.482 751
-0.0715538 139.308 709
0.298786 101.369 793
0.19518 112.388 794
0.1911 115.667 752
-0.104133 150.605 466
0.0567252 80.0308 523
-0.559401 192.778 210
-0.209714 100.523 530
-0.779829 184.191 163
0.323383 96.2016 962
0.15983 124.966 435
-0.135128 161.294 673
0.808009 20.4467 163
-0.156189 94.0338 595
0.603102 -45.8016 853
0.543757 16.9327 154
-0.461757 122.283 165
0.0735908 70.9184 175
-0.152887 111.249 835
-0.581257 174.455 762
1.46375 35.4824 473
8.83287 -1645.24 734
-0.585515 151.209 529
0.442463 70.7369 146
-1.37894 179.195 988
0.351035 24.6308 620
0.624129 -8.15735 295
0.902911 -35.0121 863
0.397084 28.7034 31
0.168228 32.4844 652
-0.573032 102.038 878
-1.01335 145.429 910
1.66843 -26.3788 837
-0.548919 140.193 589
1.1237 15.8059 222
-1.186 251.557 958
0.474002 88.6843 732
-0.460714 196.18 247
7.10887 -1264.92 735
1.45411 -51.896 794
1.19174 -2.89938 920
-0.129731 166.621 587
-0.0946103 168.536 549
2.02103 -236.52 950
-0.429997 259.328 436
0.177367 171.028 751
0.238249 174.827 718
0.926937 59.9242 128
0.801722 -16.4096 924
-0.0602902 46.4534 563
0.886884 29.2611 864
-1.33244 256.624 898
0.550601 28.5049 504
0.134017 33.873 955
0.0706499 40.207 585
-0.0497431 49.2791 759
-0.765358 184.897 924
0.32755 101.357 641
0.054124 139.055 919
0.368352 93.4008 478
0.0552391 136.455 690
0.344928 89.037 819
0.20084 118.349 596
-0.0802582 144.37 953
-0.393684 203.264 819
-0.15342 151.442 689
-0.0942667 149.156 123
-0.131825 140.291 985
0.280327 97.984 793
0.228463 40.5835 208
1.40348 -111.546 382
-0.190431 88.0222 940
-0.782328 182.109 163
1.26782 -90.5637 852
-0.0292266 155.091 462
-0.244584 174.085 417
0.775853 26.6958 163
-0.75792 173.892 162
0.118813 58.3445 700
0.280417 61.2868 926
-0.0947298 98.6213 111
-0.0481721 84.2442 250
-0.274504 122.796 657
-0.805276 252.547 860
1.18168 -23.0848 922
-0.89865 209.022 986
-0.606773 147.933 501
-4.05433 458.682 1004
0.64879 28.3278 410
2.45497 -139.121 894
-3.11732 415.042 626
0.398072 21.2475 600
1.46655 -84.6004 116
0.354654 16.0934 124
-0.395367 120.971 211
-0.801145 105.831 459
1.02746 -12.2732 347
2.40756 -52.1056 957
-0.524061 209.671 1022
1.9261 -3.46139 894
0.785222 55.1247 407
0.560849 81.0961 408
1.10021 -15.7824 794
2.10008 -71.8718 1019
1.27354 -21.5142 952
-0.411736 158.828 821
0.430712 98.6822 794
-0.157236 182.096 469
0.179834 165.601 814
0.344857 110.044 767
-1.74065 277.349 783
-1.38499 241.406 784
1.22071 -29.226 1019
0.0937841 31.528 529
1.0501 12.9526 896
-1.63384 305.189 994
0.12487 43.4038 663
-0.224015 84.5146 700
-0.0572106 51.2011 919
-0.594933 164.003 860
-0.472435 156.901 861
-0.392754 159.791 629
1.07427 -5.92021 287
-0.457766 177.494 421
0.216144 129.566 251
0.255788 116.054 138
0.614811 82.6852 115
-0.574204 214.396 23
0.1683 127.996 388
0.046892 137.825 783
-0.57374 213.828 947
-0.169451 145.884 751
-0.113096 130.703 769
1.26758 -91.0897 541
0.0540005 71.8797 374
0.311106 32.9062 625
-0.311637 123.711 469
1.39957 -114.895 852
0.107528 143.281 815
-0.307855 179.025 289
0.790951 24.3058 131
-0.233076 92.128 887
-0.309762 97.9846 1019
-0.0356272 84.1212 788
-0.0592243 82.1662 528
0.589232 29.5802 544
-1.93177 458.885 312
-0.543138 200.659 954
0.762119 -14.0061 373
0.489006 48.5902 798
1.42282 -64.1865 160
-1.68469 188.696 989
0.440407 27.8193 682
0.423656 44.0815 588
-0.710095 101.919 846
1.17842 -9.01406 577
-0.302833 95.8701 58
0.668345 9.26313 906
0.42593 -0.413467 146
-0.850531 140.813 186
-4.66368 470.644 925
-0.453878 190.586 830
0.539229 135.439 990
-3.46023 336.868 1023
-0.765483 199.128 279
-0.937477 201.924 575
-1.08647 254.902 860
-2.42653 355.416 920
-0.426925 119.924 821
0.559015 78.9518 965
0.758292 -0.656343 916
-0.761808 246.847 163
-1.08702 401.731 177
1.54332 -12.4608 62
0.557923 1.7997 375
1.13598 -7.2487 768
-0.0639434 57.6128 787
0.163427 30.2666 652
2.95069 -172.542 481
-1.42445 288.828 962
0.145011 42.4166 695
-0.138239 59.6297 379
-0.358861 80.3205 19
0.815567 6.79212 600
0.208485 102.193 827
-0.163288 154.664 861
0.177449 114.267 593
0.489184 68.2757 507
0.693089 10.4124 372
-0.768851 246.358 319
0.442747 79.3383 762
0.0641465 134.418 621
0.0739775 127.005 337
0.0993758 125.041 337
-0.305129 188.257 435
1.05078 -18.6172 507
-0.117476 132.912 1003
0.972459 -48.0771 698
-0.251611 99.781 180
0.207721 40.1884 515
-0.978065 196.26 163
0.468901 75.6642 994
-0.335876 198.351 604
-0.25469 168.317 789
0.753723 28.0212 163
-1.07037 216.227 162
-0.105599 88.4858 924
-0.0841327 92.3982 334
-1.43856 241.648 11
0.230172 40.5195 407
2.91992 -120.143 718
2.70868 -112.95 1018
-1.76512 200.21 940
-1.03544 174.676 222
-0.557075 106.429 520
1.05159 -19.0345 957
-0.548342 154.981 955
-3.41069 267.178 747
-0.0964892 58.8752 206
-0.531374 149.887 918
0.753188 6.60305 900
-0.148029 53.4847 645
1.0704 -110.805 624
0.744155 8.67828 253
3.06413 -107.466 926
0.726345 132.942 1003
-1.19179 237.234 284
0.892106 26.2369 565
0.579463 11.2742 801
-1.88359 342.981 624
1.26343 9.67106 159
-1.35846 353.369 122
0.870852 -34.4986 277
-0.192257 106.558 900
1.20726 -116.74 917
-1.14555 307.429 3
1.24707 -38.8959 892
-0.748053 175.985 498
-1.65634 327.997 707
0.772524 9.01817 469
-0.0796824 51.9993 145
-0.234043 64.2196 792
1.9619 -49.0768 577
-0.825868 187.943 727
0.325211 36.7539 522
-0.144774 62.6655 268
-0.0821399 51.2762 632
-1.1147 168.75 629
0.183852 115.781 600
0.0934957 129.704 660
-0.0617074 143.323 505
0.5846 54.8037 287
0.0671389 132.122 491
0.0777455 132.372 630
-0.056748 141.83 549
0.0491047 126.78 500
0.403456 96.1588 201
0.541806 60.0186 542
0.84946 17.65 604
0.433017 66.4771 543
0.526333 54.0797 574
-0.12979 98.9486 688
-0.59095 119.987 132
0.422174 6.71946 593
-1.00613 197.874 163
0.437428 79.4479 994
-0.173327 179.446 628
0.192676 135.006 182
0.283462 85.6193 469
-0.888489 184.991 181
0.190201 65.1496 909
0.267524 50.1361 754
-0.505001 138.858 327
-1.14493 178.856 93
0.818304 8.46982 237
-2.77554 526.844 574
0.982639 11.2192 799
-0.659719 161.28 496
0.62946 16.447 218
0.46163 21.9873 855
1.38109 -31.8794 449
-3.06798 260.948 747
-0.90067 156.052 216
1.11754 -10.1911 536
0.511605 4.19707 925
-0.196789 63.495 236
0.927011 -7.54709 284
-0.875891 201.33 692
-3.24817 615.868 633
-3.01449 330.997 1023
0.625507 75.4441 156
-0.150769 132.327 501
2.26179 -162.537 825
-1.42193 270.518 720
-5.41942 900.06 475
1.53355 -26.5767 794
-2.76356 517.82 915
-0.0957332 115.169 986
0.453918 70.5378 289
-0.505807 233.342 469
-4.92851 774.89 623
-3.81988 872.49 765
-3.00244 411.793 1018
0.621331 8.47122 501
-0.302211 102.542 923
0.0849524 33.7314 295
1.48727 -22.8723 577
0.815026 28.7258 897
-0.438105 132.59 732
-0.140379 58.8389 186
-0.671318 166.887 404
-0.625519 167.806 861
-0.317898 156.672 629
0.0774771 130.652 113
-0.044615 140.902 615
-0.549831 181.091 480
-1.2541 283.271 848
0.465679 76.3931 118
0.166452 113.367 628
-0.304197 185.245 607
0.146174 110.128 794
0.0989446 110.589 338
0.606521 44.7875 574
1.74239 -158.718 607
0.581653 69.7884 575
0.109549 62.6395 500
-0.218183 92.8467 1021
-0.182359 75.3072 347
0.418063 40.3001 864
0.460752 75.9245 994
0.0608409 151.728 442
0.189935 131.874 931
0.801146 27.9064 163
-1.10523 223.839 162
0.0993946 63.0663 627
0.0426885 83.3556 375
0.487945 34.169 90
-1.0356 264.995 574
0.633313 42.3304 799
0.663164 -5.81474 160
0.708593 -12.7738 658
-2.50239 346.379 1018
-0.739934 136.015 632
0.443096 -12.9786 595
-5.94718 742.835 44
0.712523 27.9484 919
0.789164 18.5573 836
0.171028 22.3213 792
-0.0601884 46.8118 599
-0.333352 76.6296 530
1.03535 -27.4179 316
0.832963 54.249 664
-0.786072 215.772 247
0.720774 48.232 408
0.434303 76.4937 909
0.317004 90.3876 753
-0.535571 196.373 793
-0.647269 209.569 794
1.91696 -208.407 607
0.888517 -1.05308 575
-1.00119 219.993 958
-0.278751 146.013 97
-0.0844855 123.622 58
3.43775 -439.415 884
0.363874 142.732 469
1.53278 -49.6675 825
-0.315298 140.594 960
0.647658 23.0439 826
0.259945 30.516 469
-0.281554 77.9048 3
1.45652 -12.2869 757
2.05505 -161.012 739
-2.56361 401.52 728
-0.353726 92.9453 803
0.969575 -12.1108 641
0.167242 103.769 827
-0.227747 149.388 439
0.0408478 135.06 900
0.330048 99.5517 43
0.365359 119.897 536
0.152006 119.144 84
-0.0996415 145.484 106
-0.151759 160.12 828
-0.0837837 132.67 190
-0.3398 163.969 186
2.40039 -280.257 607
0.607085 70.5709 575
0.190956 136.505 371
0.295888 113.155 311
-0.0656041 80.6193 488
0.0994784 60.0715 427
-0.493241 127.659 818
-1.08426 198.943 163
0.46517 74.296 994
0.635865 92.9485 103
-0.242623 178.02 481
0.81688 24.7202 131
0.220935 45.3358 232
-0.821998 237.708 860
-3.77457 836.678 735
-0.359209 161.971 375
-1.61574 339.469 574
0.818425 12.9419 987
0.434488 42.947 556
-1.41925 219.538 1019
-1.12869 226.697 236
0.40758 24.2402 156
-0.590501 158.337 145
-1.6799 270.702 792
-0.971363 231.557 278
1.36998 -3.21639 830
0.303354 26.426 503
0.0814103 33.8319 647
1.2061 -14.461 410
0.830229 69.7314 600
0.878123 25.1828 526
1.23225 -69.4251 558
0.511107 49.5511 909
0.107941 102.552 864
0.302924 98.1365 20
-0.104705 157.9 437
0.163838 137.488 559
-0.580672 238.259 477
0.396685 122.263 862
0.60933 55.0737 596
-0.243602 141.736 129
-0.22709 120.188 717
-1.50442 329.322 163
-0.345169 221.055 864
-0.766581 257.729 818
-0.229869 149.667 962
-0.176098 116.579 769
-0.788408 172.021 994
0.388902 29.0653 568
0.946286 4.70523 757
1.13835 -27.128 963
-0.301028 62.9148 967
-0.52433 142.329 891
1.49706 -135.411 668
0.238952 109.913 600
-0.306149 164.563 68
-0.761343 229.686 185
-0.421478 155.676 780
0.484133 70.1921 634
0.105253 113.729 274
0.304563 118.058 536
-0.481912 165.592 36
-0.0860412 137.351 526
-0.734309 207.207 1022
-0.0634719 179.513 652
-0.466962 225.126 974
0.172787 154.474 1018
0.592767 69.5468 607
-0.421904 85.8813 756
-0.18307 86.1318 753
0.402771 -4.05319 593
-1.10525 199.151 163
-0.784238 240.309 596
-0.449131 218.463 475
-0.116048 163.022 641
0.7421 34.2414 163
-1.13499 213.902 181
1.00513 37.4079 219
-0.403518 143.911 657
-0.440325 159.055 407
-0.448939 127.293 646
-0.362009 124.438 155
-2.57524 425.55 254
-0.429956 151.244 951
0.381986 42.9376 250
-1.29625 187.863 14
0.0628422 38.844 618
2.94906 -344.509 22
0.467786 16.5252 964
0.693759 57.6321 769
-1.462 218.274 216
0.146716 21.3221 396
0.935879 -14.4483 379
0.927923 62.1868 379
1.6802 -19.7548 218
0.710513 -7.24444 161
0.441997 30.9831 546
0.466327 13.2398 281
0.773518 16.3339 915
1.26302 -36.6063 915
0.31099 132.96 718
0.251542 127.02 625
-0.256636 166.179 877
-0.337018 158.529 909
0.796505 14.1623 542
-0.272309 131.684 990
1.02524 62.8627 705
0.561544 117.461 961
0.6971 59.2496 763
-0.403673 169.236 20
-0.197175 123.521 737
0.473187 5.09016 924
0.129819 37.8539 502
-2.89157 454.132 130
-1.41559 239.969 516
0.546206 14.9896 250
-0.449282 89.6752 847
0.781284 -38.1163 764
-0.421222 166.905 629
-0.177049 164.579 818
-0.0386793 141.285 942
0.0534352 132.116 587
0.0453816 130.669 524
-0.0543406 139.351 859
-0.621808 218.801 381
0.159965 111.475 1022
-0.45283 206.08 892
-0.1336 184.252 861
-0.293857 208.244 977
0.0741537 171.547 284
0.729047 51.7217 607
0.220828 151.374 575
-0.154419 85.2264 300
-0.406778 91.3405 228
0.286679 15.1885 3
-1.21897 212.591 195
1.46681 -129.705 852
-0.24471 173.437 297
0.121874 134.54 961
0.704436 37.3072 163
-1.43141 261.944 98
3.35728 -196.62 984
1.68468 34.4977 901
-3.97457 817.836 638
-0.488742 130.906 652
-2.75594 465.267 223
3.51172 -421.817 380
-0.691845 179.654 861
-0.514182 142.94 359
-0.162775 61.7366 928
0.265349 23.6389 757
0.726248 18.0153 653
-1.85911 371.098 433
1.20606 -81.2404 993
8.95329 -1214.17 508
1.07307 -15.6841 284
1.10336 53.7115 410
-2.02348 274.25 284
-4.49089 666.567 538
-0.215948 78.1534 631
0.157643 76.0438 832
0.389993 53.1339 915
0.521513 31.6741 981
0.153955 121.032 960
-0.440646 191.12 826
0.179481 129.681 794
-0.197182 160.885 909
0.478484 90.474 959
-0.079578 121.995 859
-0.0616005 111.88 563
-0.917417 244.195 259
0.431632 127.249 563
0.557439 98.8107 790
0.257392 92.2439 131
0.51783 37.0302 625
0.412253 7.33386 232
-0.123506 63.524 567
0.307877 22.1309 843
-0.735823 181.993 503
-3.34919 549.006 482
0.426116 3.55958 231
-0.204185 130.481 282
-0.298275 154.136 439
0.119692 116.206 312
-0.344274 174.092 74
-0.0703859 139.407 428
-0.260533 144.364 126
-0.0237193 134.494 178
-0.429318 186.019 64
0.493813 59.4478 636
-0.609147 216.99 160
-0.194424 192.603 234
0.130454 166.938 284
1.16844 -37.3106 342
0.45289 129.745 538
0.0670699 184.091 528
-0.629719 194.968 950
-0.963214 160.519 39
-0.135668 68.4919 627
-1.15319 207.512 291
0.481662 70.3675 962
-0.042731 156.278 932
-0.15044 162.308 609
0.78168 29.2012 163
-0.279067 113.476 955
-1.34376 298.306 465
-0.190658 132.875 787
0.49462 32.4186 861
1.18358 1.17893 957
0.218535 53.0486 714
-4.27349 669.095 348
1.86417 -43.7827 417
0.710695 23.0048 1000
-1.95148 133.104 157
0.224355 21.3266 645
1.29011 -69.9589 106
-0.444526 140.41 146
8.74405 -1127.05 541
1.76073 -44.6512 221
-0.838527 199.974 558
2.30167 -171.386 506
-1.4526 225.514 379
0.842186 -3.9886 757
0.447354 34.8336 503
0.709399 -14.7762 546
0.405554 36.9575 403
-0.206489 141.049 195
0.127684 114.228 216
0.467952 99.6557 100
0.296576 98.3317 624
0.896321 24.213 731
0.313928 61.8179 892
0.229489 87.2796 442
1.58437 -107.728 510
-0.778125 217.911 259
0.597166 95.6327 595
0.344919 114.474 282
0.187601 97.9712 924
-0.703815 135.179 410
-1.16616 203.749 538
0.671122 -42.5591 450
-0.321802 97.17 595
2.7339 -268.09 770
0.690053 -5.25345 469
-1.28366 173.08 597
-0.0975458 143.66 313
0.481192 79.6319 699
0.691269 41.4404 602
0.402121 116.204 748
-0.650042 209.795 943
0.137203 111.777 434
-0.100818 144.275 335
0.221599 94.9414 625
-0.467253 212.84 892
0.438057 110.81 380
-0.398239 249.143 797
-0.23924 207.557 160
-0.12873 198.243 1003
0.0582211 182.602 700
-0.034686 196.324 396
-0.945315 183.476 154
-0.23439 85.5558 52
0.375161 3.01327 657
-1.30172 237.916 3
0.50876 94.21 909
-0.363671 192.48 16
-0.162448 168.463 481
0.709727 40.7971 163
-0.605422 127.67 783
-0.860496 235.038 371
0.278864 49.7307 531
0.213873 50.4893 263
5.9451 -707.197 572
-0.984405 168.175 692
-1.46566 278.822 443
0.868717 44.7184 545
-0.779138 184.691 695
0.486613 19.5496 811
2.63823 -229.327 626
-0.142356 62.1007 821
4.26912 -290.524 862
0.432942 17.9051 799
1.39376 -19.8082 600
1.29978 14.4002 752
-2.64962 488.333 605
-0.851606 190.156 371
0.892288 -3.69574 757
-0.411464 145.079 595
-0.527462 160.467 596
0.452984 16.44 917
0.436457 33.3754 949
0.598219 97.0217 781
0.229584 100.468 108
0.268396 107.038 139
0.0706926 123.924 1015
0.259973 71.9385 91
-0.338262 129.782 518
1.76272 -103.726 792
1.92279 -171.165 915
1.78167 -143.662 499
-0.586163 214.903 418
0.299541 78.1579 3
-0.800822 138.308 442
0.0855895 33.3284 263
0.187337 42.5766 838
0.304011 22.9744 503
2.07255 -167.3 994
-0.688778 142.312 864
-1.22725 176.283 629
0.197503 117.39 505
0.107611 132.225 959
-0.193134 162.265 223
-0.0223834 138.052 407
-0.045778 141.036 401
-0.0963537 136.94 1003
0.318352 88.318 89
-0.482858 189.002 194
-0.416178 206.678 924
-0.0250583 177.799 986
0.283447 156.75 1021
-0.27303 226.5 542
0.734807 48.4765 733
0.147325 170.737 575
0.0425064 190.363 489
-0.10022 71.9023 612
-0.976352 255.316 765
-0.492593 108.862 626
-1.02326 224.101 3
0.534217 85.0954 590
-0.54546 184.522 608
-0.08622 162.89 910
0.723227 40.8259 163
-0.4027 125.187 866
-0.189709 99.2889 163
-0.726746 235.648 312
-0.389363 101.465 631
-0.504596 136.682 155
-0.997826 159.616 942
0.958235 27.1718 934
0.686432 18.3657 474
1.33443 43.8139 773
0.690223 -4.23778 951
0.67658 2.74348 986
0.72279 -10.5456 676
-4.39005 691.82 65
4.31092 -651.7 607
1.6905 -17.4851 989
0.890383 20.7315 620
0.456545 11.7638 830
0.154709 35.59 375
0.864491 1.18472 757
-0.396595 152.261 595
0.73524 -13.2353 674
0.0580741 99.413 928
-0.124415 120.398 629
-0.0331305 124.925 821
-0.296523 140.687 935
0.241722 117.277 484
-0.171799 149.355 420
0.41943 80.4828 825
1.00037 -2.13867 825
1.13618 -30.5054 574
-1.07609 252.496 160
0.686181 83.757 163
-0.262336 149.946 909
0.849933 -5.72548 128
0.316384 29.3533 746
-0.0996286 62.0581 829
0.615893 29.3129 742
-0.271643 66.0696 769
0.958189 11.0883 864
-3.90936 799.247 852
-0.772766 190.546 232
0.155011 121.442 632
-0.139505 145.89 902
-0.121272 142.665 726
0.403605 91.131 73
0.367663 116.847 409
0.0923841 126.511 662
-0.248699 173.691 341
0.292494 87.0349 890
0.468495 102.767 802
-0.186451 201.446 128
-0.108312 199.644 160
-0.0439098 197.011 574
0.193801 169.28 85
-0.0988259 211.414 304
0.0745368 185.32 859
0.247809 46.4042 504
0.0967751 48.3017 396
0.184941 40.7167 641
-0.343815 139.911 469
0.185626 115.78 962
0.0688691 145.544 410
0.0593178 145.65 563
0.785725 32.7752 195
-0.276174 115.468 764
0.568709 43.4998 347
-0.85491 164.305 830
0.864252 26.6693 940
0.784242 19.8709 218
-1.66653 290.864 477
-0.188704 79.8726 649
-0.213331 115.245 886
-0.457277 158.711 26
0.503865 27.557 91
-0.963259 158.617 442
1.16591 -104.197 574
3.33932 -340.802 258
-5.77366 1185.21 669
1.59741 -27.02 676
1.01553 0.291528 408
0.0610253 37.6746 778
0.152757 36.4361 727
0.34673 23.0562 757
-0.189328 101.026 470
0.581962 36.3456 686
-0.342605 148.023 511
0.288832 82.6177 847
0.539631 94.8717 736
0.708219 -22.9907 210
-0.807613 236.371 510
-0.299524 160.299 826
0.155324 109.075 920
0.326174 89.2039 753
-0.538838 239.131 924
2.07781 32.9082 260
0.939008 52.5158 163
-0.207147 149.258 569
-0.847937 148.665 632
-0.0824192 49.8894 904
-0.109044 61.7051 865
-0.259559 83.0264 740
-0.110732 55.3285 896
0.960614 4.72394 896
-1.07619 261.761 834
0.236945 92.6217 664
-0.0925924 145.698 861
-0.541602 200.519 1008
0.119199 128.157 869
-0.439996 181.372 43
-0.0522104 133.863 524
0.208719 121.575 189
0.109286 111.003 128
0.927665 44.8319 257
0.674886 74.6173 386
0.292072 162.504 909
0.029366 188.944 870
-0.49667 289.586 765
0.0596843 189.457 347
-0.212212 215.702 4
0.169593 173.969 674
-0.745174 155.715 317
-0.526656 129.293 475
-0.221376 79.6175 246
0.805986 -24.8975 700
0.209389 110.92 700
-0.363856 201.83 542
0.0337824 151.846 424
0.83184 28.7504 163
-0.974077 189.336 186
-3.09127 515.472 348
-1.05098 174.907 545
0.80239 15.5907 398
0.712115 22.56 964
-0.15326 76.4509 695
1.00905 27.0084 653
0.163168 65.6669 821
0.305471 27.6056 145
-0.260248 140.933 821
10.2038 -1893.59 702
1.1842 -33.1626 700
1.94388 0.577051 941
-0.792795 229.558 955
-6.76705 1032.82 223
-0.192106 78.1025 886
0.158485 31.5547 811
0.64018 -39.601 818
0.338831 18.7867 503
2.15196 -60.5067 640
1.92165 -286.307 917
0.0743973 94.0512 954
0.577494 25.4974 915
0.064578 109.098 832
0.337361 57.5903 607
-0.816163 215.333 574
1.1556 -33.4821 794
0.941082 -3.37411 794
1.29331 -46.6524 794
-1.56224 234.117 985
-4.3831 904.143 607
5.02587 -863.112 735
1.28882 -136.31 343
0.41439 25.9468 156
0.353746 29.5382 908
0.187733 40.9262 838
2.50625 -235.635 153
-0.479465 78.9539 814
-1.07861 212.372 961
0.300245 98.8984 843
-0.707135 212.342 120
-0.0924262 149.844 97
-0.21442 159.328 139
-0.171966 154.995 785
-0.242403 150.96 452
-0.286282 164.544 687
-0.122696 141.626 847
0.135957 108.252 246
-0.890887 253.387 643
0.399686 146.486 909
0.598357 79.4812 701
-0.232578 224.002 0
-0.0273881 195.056 533
-0.408102 237.023 115
0.145206 185.135 626
-0.209136 226.063 89
0.206419 25.6325 79
0.103875 45.902 491
-0.417097 93.8664 597
-0.863208 202.563 163
0.843196 -6.05541 884
0.0310341 152.409 823
-0.109824 171.11 890
-0.711095 177.237 769
0.540433 41.7669 714
0.720495 34.7986 347
0.387714 56.9279 501
-1.00458 182.893 97
0.299266 26.1482 521
1.8799 -22.9629 813
0.832994 0.844627 327
-0.235293 110.726 529
-0.305627 148.427 25
0.70477 45.8252 799
-0.979037 183.544 956
-0.872699 242.412 897
0.912621 10.8627 558
1.05707 -32.44 682
-0.140067 60.6457 793
0.101513 30.5703 391
-0.0946181 59.135 595
0.238279 6.53043 309
-0.281123 96.8424 595
-0.496123 95.4061 742
1.30572 -135.487 1013
0.52387 21.1911 624
-0.18708 121.754 296
0.210924 93.075 751
0.644265 51.8028 47
-0.529839 153.409 718
-0.305238 115.294 953
0.278418 76.3722 783
0.903787 46.0637 783
-4.80652 1072.64 735
-0.680337 254.989 923
-0.343221 161.601 97
0.896194 5.57523 218
0.508526 20.3164 252
-0.139637 61.8999 963
0.981887 -139.837 891
0.596549 36.3562 471
-0.508176 92.9295 846
-0.567948 131.873 961
-0.339839 157.776 999
0.465827 99.176 420
-0.266414 170.516 881
-0.714147 268.455 372
-0.0443835 139.298 646
0.0345302 128.795 112
-0.0332659 135.563 525
-0.0370379 135.672 954
0.197188 98.2884 3
-0.934576 251.951 291
-0.182416 211.979 924
-0.363219 237.701 1008
-0.589525 278.753 507
0.0590081 187.655 206
-0.0292696 202.95 375
-0.118236 215.47 574
0.183568 174.063 689
0.607258 19.9858 441
0.108503 30.2101 334
0.606938 -27.7647 668
0.318596 68.3598 864
0.910932 -7.73809 1013
-0.060042 159.789 439
-0.346263 186.801 893
0.42145 65.0895 892
-1.50397 281.483 354
-0.686168 165.144 708
0.294836 42.6111 345
2.62978 -44.9118 630
0.761708 9.24579 410
-3.01715 505.319 380
0.613221 65.9118 663
5.48638 -565.546 184
-0.390769 154.423 91
-0.470437 154.563 553
-0.555169 204.698 277
-1.56099 271.674 910
2.10294 -48.4484 941
0.577077 26.4093 156
0.223644 20.482 108
-1.15129 200.93 22
-0.518643 113.3 511
-0.0769569 58.9889 810
-0.919028 178.492 1012
0.210198 41.358 216
-0.718568 154.561 657
0.251184 63.1942 751
0.647707 -16.4439 819
0.450223 49.0901 623
0.280458 72.3329 948
0.254794 85.5969 657
0.255652 80.8423 296
0.0960205 90.3783 112
0.288571 87.3361 953
2.26773 -326.185 735
-0.598162 167.263 989
0.479826 39.0209 829
-0.700848 175.704 828
0.184178 12.0811 175
0.228935 24.0967 200
0.612563 -24.3631 890
-0.645692 98.6707 598
0.615769 21.4999 577
-0.662661 148.94 963
-1.14013 218.251 324
0.574804 93.191 484
-0.0591439 146.521 809
-0.317958 158.864 640
0.172751 121.165 1018
-0.0569802 144.701 498
-0.036985 139.284 627
-0.134186 149.004 818
-0.257378 141.372 909
-1.24276 293.825 291
-0.12259 211.699 232
0.0609124 192.455 985
0.0522068 193.33 494
0.66025 71.6005 766
-1.0115 387.589 342
-0.0593637 198.083 690
-0.181956 211.873 794
0.105829 30.2525 794
-0.367937 112.335 275
1.3929 -128.94 738
0.518886 23.1615 668
-0.476201 188.831 163
0.179285 136.473 266
-0.0939431 161.74 609
0.774441 36.408 163
-0.325492 120.85 595
0.3885 57.2802 775
-0.151331 90.7194 620
-0.44709 104.752 632
-0.891769 133.202 878
-0.0764993 60.9225 854
-3.57933 378.693 452
-0.253432 160.303 244
-0.332977 138.423 518
0.511107 15.6732 595
-0.687152 157.461 709
0.863968 38.5955 986
1.39249 -8.51133 187
-0.930098 119.846 389
0.235815 36.2035 621
0.183002 29.6836 129
-0.387821 64.536 813
-0.0626706 53.3402 529
0.197085 36.1853 741
0.56838 -48.826 981
-0.249349 70.9601 846
0.53981 20.249 751
0.354423 55.3629 751
0.225887 78.4712 216
0.510002 46.1832 656
0.170958 109.197 1023
0.887318 -35.6089 607
1.16771 -79.2269 607
0.41508 108.223 783
-0.305458 175.126 794
-0.46984 216.832 949
0.866401 -16.8927 861
0.0772096 35.2439 708
-0.156132 60.025 458
0.130954 38.1775 709
1.60712 -87.4031 257
-1.05981 120.493 747
0.882712 18.3548 693
0.213617 39.6114 534
-0.410158 174.66 740
0.24968 96.1755 700
-0.0988735 146.243 750
0.223835 127.798 472
0.434672 79.6617 1
0.0289015 134.981 804
-0.0871523 142.046 647
0.417778 102.273 640
-0.624407 227.816 884
1.47733 -69.6305 668
-0.106338 208.061 439
0.332252 134.59 766
0.424486 116.013 735
-0.231985 226.516 85
-0.0389569 199.863 375
-0.0746362 204.067 574
0.177368 172.097 793
-0.334687 78.7165 626
0.0844362 36.483 461
1.31509 -150.655 916
-0.416292 127.975 629
0.4351 76.8013 994
0.0590217 147.194 97
-0.275994 166.356 971
0.768932 36.8811 163
-0.59128 145.629 802
0.397429 14.3481 955
0.682479 24.8097 568
-0.608354 176.375 764
0.21785 38.8135 759
0.575801 -26.4768 57
0.987188 -58.7836 993
2.14635 -290.192 981
-0.176519 138.768 788
-1.32348 282.531 151
1.20248 28.5571 846
6.02304 -399.979 512
0.181979 41.9139 377
-0.197408 75.8787 443
0.108749 42.6492 695
-0.265228 64.9813 846
-0.887715 165.295 762
-0.135163 59.3806 920
0.143888 39.2271 773
-0.0883698 53.2801 523
-0.123791 60.8245 1000
-0.331475 104.928 25
-0.906143 145.773 826
0.641943 31.0844 751
-0.562003 132.205 768
0.305067 94.1285 751
0.758393 52.0716 719
-0.109966 158.319 146
-0.406492 176.649 228
1.10475 59.6452 544
-0.741821 163.776 410
0.150142 26.8189 295
0.216896 23.9017 559
0.148574 43.7055 998
-0.621304 166.209 891
-1.20229 201.712 214
-1.28603 135.106 747
0.593679 -45.4528 436
0.392757 22.142 645
-1.17095 226.742 516
0.159862 111.316 690
0.359741 97.8808 795
0.216363 107.481 53
0.182973 118.098 51
0.298825 97.7629 604
0.191223 104.349 593
0.451731 65.5952 762
0.26677 82.335 3
1.35255 -49.5094 700
0.265148 165.218 899
-0.0321504 196.918 522
-0.264477 224.521 19
-0.186665 206.511 1003
-0.124343 196.43 190
0.497667 89.9664 767
-2.11111 448.72 574
-0.258802 72.1854 795
-0.128775 54.6743 559
-0.243414 84.8308 469
0.541899 46.5968 183
0.366162 87.3688 962
0.0909094 147.071 814
0.468663 86.0983 508
0.890153 10.7048 3
2.8147 -94.4392 988
0.960933 17.2001 708
-0.216717 88.0063 886
0.229023 44.4536 503
-0.516366 96.3595 957
-0.181369 54.0073 779
-0.941681 187.22 503
0.733745 6.15594 59
-0.907128 155.052 801
0.626701 48.5578 776
-1.04684 190.568 492
-0.533759 161.264 788
0.881236 -29.077 146
0.658885 -26.6907 47
0.152448 34.7652 424
-0.438428 82.9626 878
0.35857 27.3216 251
-0.0641796 50.4173 695
0.0455177 38.7482 759
0.115704 36.7004 722
-0.22722 64.0003 190
0.282318 3.40635 123
2.22123 -333.01 607
3.00062 -455.346 607
-1.2668 238.011 793
-1.52254 212.96 576
-0.356254 168.78 3
-0.130171 144.533 584
-0.946177 275.234 476
-1.98176 415.308 477
-1.04999 268.177 690
-2.41174 358.325 920
0.125275 47.4485 907
-0.630632 82.2933 747
-0.0927167 53.0807 999
1.34967 -64.6096 353
0.520375 50.9769 471
-0.463698 99.3439 726
0.476802 37.2778 757
-0.317395 170.853 823
2.93341 -313.682 507
-0.755791 188.375 826
0.580409 51.9635 794
0.544078 62.9653 794
0.314057 94.8842 920
0.189383 109.273 795
-0.180516 147.056 406
0.263591 93.4389 959
-0.718548 260.494 924
-0.664048 319.207 638
-0.257327 229.908 475
0.179273 171.606 793
0.468319 121.18 128
0.740299 39.6164 798
-3.36659 616.94 575
-1.30213 225.931 65
-1.29392 225.785 920
-0.399484 80.3712 751
-0.27518 73.1114 160
2.11295 -257.229 948
2.53648 -358.554 917
-0.562701 195.793 256
0.555527 81.8544 543
-0.929568 202.917 972
1.10721 -1.21713 987
5.39524 -194.747 472
-0.346419 110.292 918
-0.244628 95.6834 986
-0.727808 163.282 963
-0.628588 129.375 216
-0.469522 150.453 821
1.06604 -47.6858 707
-0.623061 162.203 527
-3.88582 655.094 223
0.465177 65.111 680
4.7632 -550.041 33
-1.43915 243.964 679
1.13658 -61.2286 59
-1.45991 176.806 893
-0.510838 94.3724 878
0.138234 35.9585 741
-0.0748597 50.5441 938
0.172328 35.7675 901
-0.0757889 56.4034 833
-0.512082 69.827 555
0.205766 38.3907 864
0.306443 40.7171 732
0.524388 29.3641 508
-0.0594318 117.329 26
-0.402657 142.479 640
0.236318 104.057 718
-0.186446 140.761 783
0.263678 104.097 180
0.481054 111.893 909
0.411334 119.24 578
0.335318 129.575 111
0.967508 12.3723 787
0.949399 0.354364 788
1.15033 -182.746 766
-0.244802 91.4346 469
-1.93254 342.696 98
-0.359491 90.5814 726
1.0484 14.0031 757
-1.91429 405.357 290
0.425415 61.0776 559
-0.409322 154.974 794
-0.282526 134.45 920
0.219201 81.6955 953
0.708198 19.3878 793
-0.824459 170.004 985
0.618674 35.6431 794
0.56389 37.631 97
0.6936 86.2434 898
-0.215693 206.684 990
0.157507 169.683 760
0.328914 141.92 128
0.709909 43.8764 798
0.625992 3.06682 987
0.573982 18.2723 1003
-1.40414 268.127 507
0.307891 88.9395 800
-3.20101 646.061 819
-0.590958 110.832 751
-0.784409 159.712 611
0.758793 23.6745 994
0.351714 133.072 748
-1.64186 379.964 509
0.768839 37.2514 163
3.87132 -310.829 562
1.28325 -56.7842 861
0.546487 -69.131 766
0.736363 16.6435 442
-0.887519 192.032 691
-0.566575 150.002 379
-0.612684 159.238 955
-0.306664 135.691 821
-1.56132 271.964 267
-0.350914 146.608 91
0.351807 92.7572 928
-2.70152 395.903 27
0.784327 13.2257 937
0.799697 6.6155 937
0.440136 29.767 630
-0.234078 74.6729 865
0.132987 37.3678 967
0.476116 13.3185 292
0.190305 38.5189 649
-0.582227 121.782 731
0.25349 40.1084 967
0.556252 5.77533 225
0.180658 59.4444 732
0.0593098 95.3972 832
0.086599 101.876 904
-0.0544642 123.857 798
0.131316 93.5459 343
0.166156 105.837 129
-0.246875 151.827 1022
-0.518335 226.105 596
0.344627 114.417 819
-0.451745 233.824 825
-0.997603 321.179 730
-0.558382 261.184 122
0.958373 2.58613 821
1.35298 -62.3648 1016
0.340689 33.5543 232
-0.117117 69.3459 801
1.37263 -96.9274 890
-0.618854 186.895 990
0.395957 81.7693 825
-0.442289 201.32 819
0.578111 50.8296 825
0.557074 53.3243 826
0.676436 28.8258 826
-0.351565 115.127 751
-0.232356 125.751 924
-0.369648 142.149 531
1.03199 34.3554 802
0.491804 100.281 638
0.201205 164.989 660
0.80904 27.541 798
0.503948 29.0596 408
0.498694 -18.3799 575
0.744687 -60.8325 607
-0.0529453 78.737 954
0.66005 70.8373 751
0.347729 99.2136 800
-0.893792 169.722 183
-0.437756 114.681 961
0.752622 26.1119 994
-0.113857 160.056 822
0.0645092 148.513 838
0.806811 94.1333 757
-1.23366 251.025 537
-0.739183 165.614 575
-1.18707 274.93 735
-0.410112 90.258 129
-1.90116 258.194 721
0.165667 44.029 146
-0.835529 131.714 973
-0.711685 165.552 929
0.410528 30.1408 212
-0.286963 128.388 91
-0.352503 167.404 91
0.699052 14.3394 404
-0.899471 254.78 563
0.387288 69.3348 854
1.11523 -1.70429 533
-0.197584 73.0847 865
-0.400037 100.408 543
0.247499 21.3244 107
-0.647745 98.959 324
0.137774 39.8426 759
0.340663 14.9249 732
-0.24582 75.3384 663
0.303326 58.8927 855
0.572991 6.38997 110
0.0975058 96.3872 248
0.285219 78.7095 348
0.0391788 116.057 683
-0.105369 140.108 892
0.305247 94.6285 738
0.44051 82.7785 948
-0.299041 193.031 826
0.510274 82.5867 819
0.484624 130.22 719
0.526403 116.855 915
0.436403 112.064 853
0.917463 20.1926 821
-0.25957 86.3034 432
0.277097 7.25279 796
1.24699 -4.39411 600
-0.819844 169.027 472
-0.328294 162.042 70
-0.0660341 137.123 744
-0.138984 147.979 818
0.0826495 109.627 993
0.412787 67.3784 825
0.737124 20.8237 825
-0.131206 114.436 187
1.06511 34.2213 641
0.253189 160.569 664
0.155303 173.476 96
0.994761 41.0388 128
0.834739 -10.4883 861
-0.292006 89.1578 724
1.63536 -146.481 33
-0.839458 229.733 403
0.644693 -39.2228 669
1.02812 -11.1659 183
1.13238 -13.084 610
-2.27222 485.023 948
-0.333781 84.2687 663
0.74724 28.5547 994
-0.327255 190.306 73
-0.110706 162.66 577
-0.25288 176.712 595
-2.07384 327.811 20
-0.0895536 44.3275 801
0.515712 23.0564 556
-1.56186 274.587 380
0.558989 17.2621 757
-0.515159 144.085 295
-0.623071 163.53 58
-0.537386 151.654 25
1.64104 -60.5714 894
-2.77528 437.008 119
1.65376 -44.5233 1016
0.527612 28.4147 923
1.09295 57.2473 846
-0.603279 171.079 244
-8.60188 698.988 324
-0.218798 67.9971 865
0.161362 36.5059 522
0.370536 15.9548 548
-0.977063 122.976 164
-0.130123 59.2553 631
0.438313 5.90594 764
-0.575329 153.431 595
0.282007 57.2754 855
-0.125186 119.703 861
-0.0928368 118.652 1002
0.065334 105.622 58
0.273401 105.769 693
0.0548441 120.283 864
0.753585 34.5408 947
0.418671 85.0694 915
0.71225 13.5927 885
0.0675782 152.647 627
0.338446 116.667 981
-0.0549153 193.098 469
0.144057 187.16 769
0.543104 104.31 820
0.939506 11.9156 854
0.51548 18.1934 779
2.01975 -206.323 668
0.206329 91.2984 732
0.415344 73.0026 54
-0.238895 140.878 747
-0.764754 227.994 23
-0.272562 137.504 189
-0.0482706 124.899 502
0.714406 23.4337 604
-0.650359 192.886 150
-2.30405 474.428 593
-0.0440472 199.274 282
0.156176 172.957 128
1.01785 -34.6866 892
0.859463 -46.5042 254
-0.707589 180.645 65
0.0961128 78.8462 376
-0.4541 122.658 990
1.13334 -130.972 342
-0.812943 137.528 214
0.966894 13.1132 898
0.875078 33.5628 355
-0.339801 99.0778 424
0.683089 36.1208 962
-0.735794 233.45 82
-0.0593225 163.176 743
0.67875 51.9864 163
-1.16083 180.668 673
0.220001 21.3679 827
0.512826 24.8959 837
0.0927855 32.8899 438
1.13327 -83.2967 890
-1.15387 264.162 732
-0.422384 123.282 595
-0.370947 119.239 145
-0.357007 88.6596 1000
2.87715 -171.721 6
0.388563 67.9736 970
1.17899 -35.4066 994
0.681848 3.36102 1015
1.03367 5.32504 502
-1.73233 255.723 632
0.277575 12.3528 295
-1.42279 161.208 548
0.0737919 39.4478 807
0.144361 34.907 599
0.287648 18.9953 231
0.33431 62.7419 972
0.408305 20.2094 833
0.416779 35.3068 994
0.191287 94.1312 726
0.0737465 107.376 973
-0.145529 123.72 774
0.0816006 111.605 751
0.34617 75.3633 624
0.555928 24.0636 917
0.577659 25.5451 885
-0.0651755 160.446 26
0.633673 39.588 917
0.240496 148.338 622
0.424371 111.11 884
0.144123 184.577 737
-0.239757 236.517 596
1.09565 -10.6437 1015
0.302636 17.7892 811
1.7266 -173.473 700
-0.158336 139.354 836
0.0553077 127.744 649
0.0737105 121.38 365
-0.0454812 129.88 431
0.244944 79.7026 819
-0.176299 128.149 940
-0.406727 160.572 186
0.706122 50.6563 859
0.46116 145.817 909
-0.228551 214.751 100
0.78309 78.8615 128
0.734988 22.3472 861
0.121147 71.5459 284
-0.170107 104.221 1022
-0.366862 112.51 909
0.258195 59.5147 1021
-0.0495693 95.3212 345
-0.351977 83.3795 963
1.13088 -14.4101 962
0.877106 31.2682 483
-0.401879 84.0927 663
0.822879 16.2851 994
0.0217794 153.21 424
-0.084912 162.096 757
0.62726 58.3897 163
1.16379 -4.19791 629
1.65231 -277.935 734
-0.0692738 45.5138 999
-0.161522 66.3681 495
1.05895 -30.4443 222
-3.16205 517.222 642
-0.217056 86.7431 892
2.11263 -257.432 507
0.211186 11.8032 531
0.56066 37.5739 992
0.347792 43.6843 244
-1.207 189.36 964
-0.77525 192.628 612
-0.860737 193.858 93
1.02887 -55.4342 691
-0.4398 85.869 910
-0.178534 62.4322 904
0.380244 27.1606 779
-0.648849 75.5707 715
0.488682 29.4177 347
-0.223544 114.187 956
-0.596342 168.226 595
0.279819 45.7705 732
0.451018 21.0371 982
0.151463 106.986 965
-0.409098 162.32 944
-0.0857963 121.561 458
-0.832973 241.014 381
-0.461014 173.154 19
-0.0409277 142.484 469
0.481724 81.5455 947
0.175405 143.067 737
0.0727416 163.052 832
0.157747 171.857 705
0.295002 140.859 949
0.418349 148.742 85
0.0598458 198.054 595
1.22261 -64.993 951
1.0308 -86.5539 764
0.0896735 117.945 424
-0.110434 144.679 753
0.706466 33.0416 697
0.0479344 116.614 993
-1.20843 296.569 445
-0.197353 124.671 1023
0.82963 72.8647 600
0.422372 157.43 990
0.208858 162.307 668
0.202727 170.877 128
0.822552 11.6704 892
0.15296 68.0159 565
-0.318009 121.027 3
-0.164391 101.289 284
-0.10892 97.2636 955
-0.149019 97.2037 661
-0.187723 95.7325 556
0.122992 22.2412 502
1.26198 -38.7869 962
0.817112 58.8303 182
-4.3219 660.443 130
0.847677 11.4588 962
-0.184947 170.169 4
-0.0894917 165.412 722
1.68866 -32.8615 19
-1.09293 249.429 700
0.265909 30.2132 661
0.210653 26.0922 957
0.939494 6.09935 901
-0.526078 133.412 961
-0.333356 90.5777 727
0.707398 18.4144 837
0.0960552 37.2308 250
0.243075 8.56263 563
-2.82114 261.999 260
3.03422 -444.746 981
-0.491731 177.72 827
0.490875 53.9929 437
2.75144 -209.971 793
-6.84575 1038.24 476
-0.753095 159.668 497
-8.10454 1672.89 765
-1.0749 175.486 976
0.221907 30.8537 347
-0.889268 141.23 959
-0.117438 117.137 97
-0.34756 98.411 663
0.262463 54.0745 732
0.151597 102.639 757
-0.155393 126.984 726
-0.783735 221.482 539
0.589607 42.0475 946
0.177818 93.2847 411
0.0592747 118.369 832
-0.172668 156.325 328
-0.495414 184.97 423
0.428737 98.5887 623
0.579334 74.8093 1013
-0.278238 218.699 596
0.302272 136.732 949
0.139995 183.867 20
0.115806 192.91 530
1.34638 -73.8476 983
-0.983098 204.727 232
0.0978691 121.097 456
0.0468503 124.156 549
0.0575126 122.193 932
0.369638 95.0123 261
-0.362754 194.429 853
-0.53861 171.153 974
0.560376 95.3068 864
-0.246089 226.516 668
0.295035 155.005 994
0.799902 80.8345 128
-0.497396 163.962 379
-0.0698905 90.3623 832
-0.768688 160.57 19
-0.454069 109.704 1003
0.279288 42.589 605
0.0512414 81.6354 589
-0.12867 91.5677 919
0.409479 -11.737 562
1.50356 -86.3653 962
0.64116 64.7564 739
-4.09178 635.031 162
1.72702 -134.187 546
0.0477473 149.375 887
0.0870274 141.069 404
0.192902 117.314 833
-3.52405 607.419 706
0.146642 31.9139 522
-0.316691 101.61 767
-0.674237 173.139 175
-0.329278 78.5147 597
-0.387312 93.9636 298
0.358456 4.23275 922
0.482322 18.0877 616
0.424798 32.1178 556
1.90823 -152.32 720
-2.88205 433.757 150
-0.318066 145.429 489
-0.314949 145.173 821
-1.28803 185.226 751
0.614556 -1.52959 212
1.26503 -2.40355 441
-0.343122 118.725 211
0.255784 29.2554 964
-0.298669 93.7542 924
0.438533 57.8072 909
-0.432311 123.595 473
0.7256 6.1454 129
0.22295 80.4271 664
-0.0446716 119.352 551
0.0427047 112.781 146
-1.19287 238.261 1005
0.0542742 109.591 998
-0.33024 159.953 510
0.411027 48.1342 852
-0.0635203 142.071 1015
0.31806 95.2931 591
0.670882 68.0606 946
0.592073 69.2207 948
0.540676 76.2234 1014
0.140843 180.339 769
0.456308 139.863 979
0.0319553 196.669 123
1.24612 -48.2307 1015
0.725058 27.5385 887
0.422538 78.4816 920
0.442707 43.5819 702
0.161194 112.437 826
-0.319638 142.651 749
-0.322601 181.779 949
0.373458 48.5864 436
-1.56585 330.572 657
0.995098 51.6164 794
0.188783 161.253 764
1.42823 -17.2553 3
0.174521 79.7043 427
0.221685 61.5731 160
0.157708 52.9753 955
0.489187 45.2327 877
0.171385 72.5356 941
-1.54996 299.149 319
0.184026 51.5661 526
0.853598 -124.351 372
1.70224 -124.881 994
-0.547498 184.633 789
-1.35562 265.047 834
0.883962 -0.474936 962
0.250656 118.978 760
-0.222294 164.808 283
0.61804 59.0028 227
-0.61993 152.62 727
0.123276 35.5746 843
1.44827 -234.06 280
1.45368 -129.796 153
0.135957 39.1054 588
-0.408873 92.003 941
-0.39231 75.2647 190
-0.27428 68.0411 973
0.252049 27.2019 620
1.94309 -105.778 321
0.345775 42.1655 854
-0.452148 133.854 821
-0.475534 145.911 424
-6.1863 1000.89 475
-2.44644 464.167 637
-0.177661 70.6317 392
0.185266 5.72616 312
0.424485 20.0274 1023
0.690091 17.8127 909
-0.357735 146.466 596
-0.647201 130.134 347
1.05187 -3.89509 909
0.63321 44.1958 974
0.372988 99.8545 781
0.0494422 112.243 563
0.0729171 108.479 559
-0.795324 197.248 72
-0.099505 128.759 771
0.449374 80.3732 6
0.0538256 124.297 490
0.325769 82.3894 851
0.115283 133.598 705
0.647579 72.6395 85
0.634471 59.9764 884
0.867151 14.2883 885
0.118726 180.715 994
-0.0352582 205.044 552
0.194617 165.167 918
0.465899 62.6947 124
-1.15069 174.982 985
0.925092 -6.92283 794
0.75619 29.9488 794
0.472332 69.0293 920
0.57737 54.2132 921
-0.0755682 138.958 798
1.3348 -139.014 766
-1.03093 225.814 597
0.179813 166.542 955
-1.67065 270.772 909
0.334824 56.0713 1022
0.130674 54.5713 923
-0.555945 119.206 990
1.30611 -100.409 317
-0.467146 177.71 281
0.345167 52.7757 990
-0.598969 122.222 1021
-0.126543 46.0561 920
0.852949 21.3648 864
-0.280309 180.526 609
0.720628 16.1312 833
0.988395 -19.0504 994
0.135881 132.368 834
-0.0541853 160.324 522
0.721461 50.1108 163
0.255043 62.7925 631
-0.79751 195.855 796
0.11915 34.8572 377
0.738638 -5.55522 957
-0.346688 82.1934 645
-0.186372 79.2347 360
-1.13493 197.476 85
0.0720403 35.8507 727
0.295874 17.8689 745
0.883403 -73.9805 25
0.57353 8.85112 211
-0.849842 202.684 498
-1.02398 173.472 549
2.08963 -243.947 624
-0.150979 66.7256 923
-0.11488 48.9727 942
-0.0492063 41.849 497
-0.39922 88.383 1022
0.253339 61.7526 379
0.448896 39.91 186
-1.74502 218.12 990
-0.487191 145.19 160
0.102499 99.1189 474
0.194545 88.8999 109
0.175002 110.799 908
0.103059 111.53 846
-0.498577 157.139 262
-0.0388529 118.138 424
0.653717 -15.5571 950
-0.0457885 132.582 211
0.42085 76.5957 85
0.126009 127.522 960
0.325387 99.7174 948
0.572223 108.169 622
0.628861 70.807 884
-0.0533086 200.28 469
0.0554392 191.805 25
-0.0307953 209.262 951
-5.95759 1003.1 706
0.477816 35.113 985
0.45913 34.7423 952
0.400661 42.1251 953
-1.25208 168.572 985
-1.96809 285.6 826
0.891606 48.8536 751
-2.12603 499.445 819
-1.61773 269.401 959
0.939501 61.8668 128
-1.32491 200.286 909
2.59387 -451.096 765
0.180601 54.3842 489
1.60324 -216.321 638
0.0916929 76.4578 377
0.124934 73.9926 347
0.384795 36.3158 625
-0.260347 80.5634 316
-0.727444 146.884 794
-1.58264 295.772 3
0.148748 144.673 563
-0.949156 255.92 627
0.935758 -12.09 994
0.442968 88.7401 386
-0.0597758 163.115 865
0.904459 53.8973 597
-1.05922 176.996 129
-0.105974 55.4187 711
-1.16978 274.127 735
-0.0623073 54.7116 821
-0.0868901 62.6374 91
-0.183108 71.4408 861
0.105811 49.394 250
0.0859748 34.354 501
-0.0887072 58.613 244
-0.4395 77.267 428
1.31531 -15.6986 183
-0.409872 165.661 391
-4.43682 487.13 5
-0.389447 73.9301 894
0.271397 23.3164 750
0.183488 14.6251 97
0.294824 21.4703 347
0.614347 25.2475 909
0.0743271 82.9028 557
0.592371 17.1221 218
-1.05332 172.431 160
-0.109965 117.341 932
0.475179 94.5238 125
0.118793 102.304 107
0.128301 107.463 737
-0.0785721 126.465 740
-0.305741 160.001 915
-0.322808 176.633 242
0.0405383 111.872 462
0.11298 111.086 769
-0.392418 173.71 825
0.14504 123.129 718
0.409251 73.3772 981
0.20877 144.673 769
0.710961 43.8388 949
-0.0644787 197.072 469
0.238994 153.52 1014
0.44607 146.002 118
0.741788 47.7058 886
0.576028 30.2254 686
0.593516 15.9858 825
0.985672 -44.5362 825
-0.454342 91.8743 751
0.734162 -56.481 511
1.95891 -190.868 700
-0.863618 284.65 668
1.6679 -62.795 642
1.85983 -9.76702 1022
0.496222 20.853 956
0.089733 50.2037 986
-0.513356 114.962 1022
-0.404247 142.287 605
0.508933 -28.7347 177
-0.193442 106.057 218
0.553801 40.1482 959
-0.606289 136.493 624
-0.276274 104.539 437
-0.840492 216.685 131
0.745176 64.9377 162
0.72908 33.6346 897
-1.04357 232.538 163
0.334351 119.884 622
0.0588565 152.856 791
-1.09076 209.918 673
1.23605 -59.8254 246
0.254252 30.5563 779
0.23614 33.5824 473
-0.149275 68.2832 961
0.179437 37.0472 587
-0.846428 157.739 660
0.710556 19.6587 966
0.212595 34.007 854
0.413159 -13.1827 595
0.571054 29.8118 459
0.789962 -39.7794 753
0.621868 55.9157 838
0.536635 23.1389 501
0.589127 -22.362 80
0.052514 34.4589 843
-0.233695 67.8068 515
0.200359 40.4652 588
0.464604 1.16494 500
4.65196 -842.422 735
0.672862 -31.829 859
0.728748 20.0082 911
-0.117834 124.572 67
0.290822 72.3665 354
-0.944266 248.988 350
0.0329451 114.775 928
-0.205097 142.704 362
0.514979 50.6521 21
0.0473501 109.249 91
-0.0715313 120.632 187
-0.637018 193.621 152
0.225977 103.046 180
0.123753 119.527 183
0.451212 84.4665 623
0.373692 96.1022 818
0.699774 58.645 948
0.500075 100.177 916
0.351223 129.775 1014
0.0359847 195.604 563
0.745448 49.9184 918
0.327597 52.7626 212
-1.4607 382.01 703
-0.386921 152.284 499
-0.241969 93.1825 183
0.783097 -0.559519 985
-1.85413 343.287 291
0.492301 108.464 707
-4.98987 1021.42 607
0.702679 21.515 187
0.18898 34.5653 222
-0.554778 139.436 128
0.184729 55.8578 955
0.311827 50.9129 661
-0.469688 117.154 1022
-1.03326 183.207 863
-0.547085 100.691 940
-0.554411 163.771 891
1.72588 -236.609 981
1.57876 -37.4904 180
0.664477 68.7815 770
2.2064 -173.169 596
-0.927901 216.887 163
0.32996 104.873 546
-0.618709 243.43 697
1.22673 -6.98634 182
-0.48825 98.1934 505
1.09191 -49.4895 198
0.189231 37.5516 600
-0.264375 98.9483 276
0.301192 22.0879 951
0.963969 12.2277 566
-0.790555 116.709 846
0.504157 2.18031 91
-1.30032 248.902 835
-1.14879 275.818 58
0.637726 -19.2168 277
3.03386 -312.515 194
0.336092 44.3579 854
-0.147951 66.6735 767
0.275442 9.45403 113
0.307249 19.6847 972
0.228701 26.9618 375
2.20878 -333.027 607
1.18075 -108.196 575
0.409542 32.5062 575
0.446479 22.9388 144
0.142414 93.756 20
0.0868008 95.8817 123
0.712605 19.4617 24
-0.375185 168.326 21
-0.0749938 132.214 392
0.136393 109.236 394
-0.621538 194.735 976
-0.196749 145.56 591
-0.366458 180.688 402
0.0767914 114.168 999
-0.198023 152.619 328
0.3819 65.3826 1014
0.508799 83.8453 623
-0.0815433 170.807 897
0.455153 98.3088 981
0.552279 133.764 719
0.445867 112.881 982
0.0382945 196.663 563
0.898508 2.94338 951
0.337036 52.4806 686
-0.177094 111.904 793
0.302722 65.6872 985
0.450998 45.8275 826
-1.96625 358.296 657
-4.60649 943.569 607
0.219192 58.901 746
-0.119998 78.5497 558
-0.383544 116.545 128
0.20159 57.1931 955
-2.42158 532.744 342
-0.588918 140.791 128
-0.319786 127.955 160
1.51195 -98.2296 731
-0.818097 173.152 258
-0.351474 76.6935 988
0.430383 -5.26469 785
1.38507 -49.8483 385
-0.466766 227.823 924
-0.919411 293.331 90
-0.801618 203.571 163
0.499737 80.6203 482
0.0769085 151.836 809
1.46888 -57.3242 3
-1.81158 404.94 702
0.282572 15.5099 113
0.793049 -113.673 281
-0.997667 163.457 44
0.302603 28.1178 631
-0.498883 117.255 833
0.826746 -49.1238 890
-0.862305 161.449 846
0.660531 6.40916 212
0.487422 13.1891 469
-0.561447 123.952 437
0.823719 14.2052 183
0.308412 46.1848 124
-0.532301 96.2509 626
-0.364996 100.824 307
0.729424 18.3712 1003
0.93858 -88.8129 638
0.252232 51.5756 575
0.105621 89.6812 784
0.0338367 97.7909 424
0.688054 -26.764 311
0.203895 78.6588 443
0.248308 69.942 305
-0.0851335 129.963 918
0.061098 110.245 708
-0.520058 179.485 978
-0.0510695 125.518 967
0.572159 54.2172 152
-0.192491 133.866 779
-0.128188 137.142 794
0.0627366 113.429 370
0.0946008 121.422 617
-0.179254 158.632 835
0.378902 74.1643 949
-0.214412 184.457 419
-0.0800803 178.629 469
0.558793 85.2274 884
0.952362 3.41155 950
-0.0295167 206.076 91
1.01556 -14.9416 983
0.652661 -40.9062 949
-1.8866 368.514 413
0.153235 89.8152 783
-0.859052 173.719 166
-0.566604 139.957 4
0.472824 40.9508 1018
-1.16773 153.997 672
-0.115262 89.2176 986
0.175111 56.639 659
-0.390541 101.291 783
-0.272014 116.673 343
0.85329 21.5567 909
0.34 61.2408 128
0.574211 29.156 1022
-0.0872179 66.3354 279
-0.32783 86.2412 186
0.0893957 38.9679 838
1.62689 -84.0598 385
0.497187 125.378 887
1.21879 -3.07637 675
-0.761703 200.663 163
0.216126 123.571 930
0.2247 133.831 816
-1.24111 300.349 668
-0.315456 86.1132 887
-1.08259 255.203 891
0.544896 30.5635 725
0.862488 -58.1473 194
1.23404 -2.9046 782
-1.27866 188.47 910
0.465357 31.2021 502
0.41273 48.2489 843
0.452592 16.2337 244
0.591902 24.171 663
-0.243611 97.9596 91
0.39736 36.8461 970
-1.25552 213.183 826
0.688669 11.2154 778
0.369493 15.9352 222
0.249017 39.6665 700
0.0639263 83.8496 588
-0.076838 104.829 396
0.0505369 95.8409 295
-0.0347854 106.042 489
-0.187113 114.934 935
0.0712711 102.249 938
0.321502 88.0627 324
0.0395731 106.629 842
-0.0374363 118.903 529
-0.0427154 121.492 582
0.0584849 118.653 398
-0.0665639 131.326 561
0.108934 116.846 726
0.0192189 124.49 821
0.041098 119.848 112
0.164938 112.146 590
-0.0772453 139.747 870
0.108499 129.886 962
0.451613 73.6054 981
0.357071 124.776 20
0.876911 6.19025 885
0.154673 178.69 751
0.140368 178.964 770
0.609376 75.9194 886
1.70071 -157.785 476
0.908196 -40.6078 915
-0.508617 125.772 935
0.717202 7.29556 510
0.228825 80.2173 985
0.864632 -49.2445 607
0.224042 56.0923 892
-0.793651 153.116 1018
-0.0937556 86.27 376
-0.664354 199.235 820
0.849955 32.7023 1003
0.38301 78.7194 990
0.690382 31.0743 1022
-1.35583 172.051 1004
-0.364989 96.6219 128
2.77713 -461.073 342
