8 64 64
-0.868423 217.359 521
1.78962 -157.402 723
1.7643 -138.277 366
0.923381 -22.5517 947
0.802286 27.5785 760
4.33766 -660.535 363
-1.98539 367.559 715
-1.19508 333.519 393
-3.05598 469.233 735
-0.837614 242.233 456
-0.646189 187.023 178
2.95298 -388.367 457
0.860568 -9.66458 913
-0.993986 268.892 946
0.643619 78.0573 209
-1.34834 363.035 921
1.47325 -69.7798 461
-0.639407 179.087 263
0.825611 -3.47951 151
-0.656203 172.751 418
-1.34463 350.448 594
-1.05538 259.06 946
-1.28288 320.274 278
0.705441 66.5208 42
-1.88494 380.315 716
1.637 -88.1632 828
0.419235 63.1036 139
1.56416 -97.5235 689
-1.01212 212.599 781
3.49745 -358.634 895
-2.66876 458.517 718
1.14923 -63.6546 690
0.483589 71.7791 487
-2.08004 518.109 427
0.662273 59.1159 209
-0.496992 206.321 269
-0.732906 209.307 804
1.38244 -111.239 406
-0.45251 146.314 108
2.33663 -186.68 786
3.42995 -335.119 786
-1.51555 318.04 716
-1.15085 245.974 754
0.542874 41.7827 1015
-1.30407 326.866 276
0.753311 -4.62463 626
1.98641 -54.0192 702
-1.51103 347.066 943
0.682745 69.8067 139
-0.62945 176.333 109
-0.790451 207.67 214
-4.57494 942.033 833
-1.34336 313.076 610
-0.829091 226.887 547
-0.696756 248.722 683
-0.755033 248.077 273
0.607054 75.8621 643
0.499049 97.489 149
0.377313 109.378 148
-0.499479 184.205 84
1.76866 -157.371 897
0.668394 71.9508 753
0.422577 53.5174 181
0.63224 11.5701 906
0.53915 -10.6517 854
-3.75604 615.253 718
0.693602 34.9752 328
1.93998 -106.483 813
-0.639674 173.134 205
1.19158 -5.59161 990
1.29851 -79.6345 490
0.620798 78.5344 106
-1.25918 248.737 732
-1.65177 467.653 460
-0.54899 196.862 520
-1.0514 280.819 953
-0.66518 213.68 151
1.11212 -47.5667 461
-1.21428 266.007 604
0.59779 62.3813 101
0.824076 26.2545 273
-0.691189 204.897 692
0.710684 10.6581 425
0.774679 9.90145 996
-3.97958 817.183 801
0.691959 -24.9933 187
0.914374 2.74818 474
1.39841 -131.079 770
2.91809 -456.041 565
-0.64236 141.023 748
-0.770946 221.814 235
0.632197 30.8701 209
-0.61694 178.198 212
1.34741 -102.725 461
-1.72849 348.465 929
-0.839561 181.241 747
1.16147 -42.1054 990
-0.486584 137.178 114
-0.611275 195.846 626
-0.73805 209.459 278
-0.976829 272.787 690
-0.771332 178.61 114
-0.761001 225.407 585
0.507832 41.2769 776
0.454651 34.9322 196
0.39216 64.9691 213
-0.634391 194.229 650
-0.457176 161.601 55
-0.533694 204.002 62
1.01294 -8.97548 642
-0.443185 203.969 630
-0.944315 267.158 273
-0.918614 246.273 869
-0.754631 229.418 660
3.51062 -471.687 865
-4.25497 895.553 768
-0.789058 235.954 223
0.732918 18.4664 301
0.680544 75.1246 967
-0.772208 251.912 228
1.32665 -4.3999 447
0.452498 108.881 809
0.897802 66.1409 246
0.850091 26.5527 278
-0.491118 179.569 210
0.752865 68.601 203
0.728352 7.13687 253
1.86541 -128.577 850
-1.17052 266.452 267
-0.634496 120.306 580
-1.03797 251.885 946
0.908191 8.46177 978
0.74192 24.5403 888
0.85491 18.8066 525
0.604003 63.6212 282
-0.445337 198.275 191
1.45966 -116.705 267
-1.4644 396.121 458
0.968679 7.68123 480
1.49159 -123.727 595
0.871256 -28.6812 885
1.79032 -83.263 990
1.00642 -20.0339 803
4.74192 -744.119 737
-1.29437 308.788 721
-0.313386 145.259 146
-1.74588 335.908 815
-1.87214 452.367 243
-5.41324 745.812 819
-1.11303 238.559 409
-1.04496 251.068 710
-0.472544 138.676 675
-0.435377 143.12 148
0.954005 -25.9639 245
1.53679 -178.283 588
0.349553 55.3371 210
1.1257 -71.464 717
1.01337 -24.8403 747
-1.11377 242.332 749
-0.61527 147.666 148
-1.04582 183.592 1017
1.47174 -120.412 310
-0.496439 179.484 148
-0.722989 219.796 1017
0.476529 99.7093 661
1.07427 -37.3973 276
2.47916 -220.545 432
0.808131 -10.2305 164
-0.911119 259.81 546
-0.774 245.676 684
0.794344 65.7635 509
0.557501 88.4154 727
-0.596473 225.957 67
0.707396 74.6743 80
-0.470105 173.976 241
0.554898 69.8754 17
-0.552166 193.692 119
0.728806 42.5031 449
-1.3602 319.234 867
2.78903 -410.206 498
-1.26688 274.258 480
2.86444 -340.285 896
1.01767 57.8001 516
-0.554722 211.054 231
-0.616019 230.552 350
0.802072 63.8618 712
-1.49027 322.987 611
0.635563 86.1558 231
-0.686344 225.723 94
0.853057 32.0882 203
0.503509 71.7563 680
0.663152 63.7162 680
-1.12404 180.339 542
-0.740658 210.613 617
1.32728 -22.8966 635
-0.761642 231.709 773
0.831365 60.8603 77
0.850837 16.7388 253
-0.506019 181.04 213
-2.62379 586.146 308
-1.04692 251.81 764
-1.00363 288.772 310
0.601745 71.8199 20
-3.80206 774.943 736
0.823068 -1.67417 36
1.12179 -9.3025 638
0.531073 30.2781 48
-1.47998 340.947 310
0.945155 31.0561 112
-0.981342 250.01 974
-1.64012 362.483 751
1.06639 44.685 74
1.01815 -9.37822 700
-2.00436 473.636 395
0.728825 17.3355 52
-0.507563 145.469 691
-2.9646 619.064 236
0.707499 20.1251 271
-0.47917 184.294 853
1.60151 -109.371 750
-1.09653 356.066 500
-2.41109 511.646 963
0.640172 28.6033 203
0.861239 -9.60017 625
-1.06203 324.645 738
-0.300537 190.84 711
1.57343 -22.069 990
0.619773 80.9615 139
-1.48012 331.808 277
-1.84803 435.898 395
-0.690302 173.82 278
0.487526 62.9012 202
-0.469541 158.565 48
2.72735 -257.088 786
-0.8097 215.267 211
0.402295 40.8114 418
-0.962527 235.16 375
-1.03862 213.315 416
-1.41717 324.65 329
-0.470265 143.533 675
-0.756922 190.308 973
0.784951 6.04801 477
-0.507781 150.364 181
-0.580153 164.692 711
-1.00784 193.805 712
-1.17571 250.757 784
0.852773 54.5092 614
-0.599591 175.157 177
0.507123 98.7578 148
0.437055 95.046 841
-0.515793 235.716 132
-0.820611 219.285 233
0.721726 115.324 82
0.645053 95.4599 708
-0.828647 217.668 473
-0.485305 178.615 905
0.827679 5.62534 247
1.29873 -140.172 524
1.96026 -142.779 716
-1.27256 285.887 781
0.556522 62.2371 822
-1.15477 264.424 604
0.611812 95.8863 14
1.06551 15.1793 763
1.22714 16.1252 479
-0.907415 228.731 291
-0.584868 171.635 52
0.63011 14.4848 177
-2.34989 407.722 723
-0.733819 178.492 729
-0.286551 111.064 887
2.10866 -194.813 786
0.870499 -71.8562 896
-1.01566 247.325 341
0.372031 55.5314 487
-0.269423 82.4166 77
-0.404848 128.226 212
-0.683967 178.206 211
-0.392 120.96 311
0.918755 -15.477 543
-0.281242 90.8914 603
-0.711184 153.886 723
0.732235 -19.372 689
0.614569 42.1108 40
-1.02781 259.048 721
-1.01868 226.993 119
-4.44818 921.693 768
-0.456705 114.325 0
2.79554 -264.443 862
-0.572813 171.312 47
-0.752711 216.173 211
1.16599 -119.822 706
-0.280302 111.735 721
-0.876678 231.112 704
-1.06788 272.022 236
-0.334013 128.509 265
-0.694291 192.46 673
0.807229 -20.7632 990
-0.509452 136.719 754
-0.116974 87.9843 1
-0.4399 141.133 310
-0.175373 93.3452 126
-0.16124 87.555 823
-0.347928 112.051 323
-0.523542 117.303 571
0.772604 32.807 147
3.0405 -312.782 786
0.48652 23.056 52
-1.21685 232.615 515
-1.26325 230.076 637
1.38072 31.7046 82
-0.550358 211.596 30
-0.761909 262.433 721
-0.612042 199.028 170
0.428218 101.643 204
0.529353 73.4689 212
0.584945 56.2676 753
3.82028 -581.892 705
-0.980883 238.611 480
0.760319 13.8842 154
-2.17376 437.748 931
-0.590773 167.47 117
-0.77432 178.672 108
-0.925984 227.99 293
-0.679979 187.191 109
1.07394 3.44954 793
0.869326 67.7688 81
-0.32639 183.222 118
0.793577 27.6482 675
0.850306 15.2069 934
0.76893 26.3575 78
-0.616886 148.216 177
-1.41571 278.11 795
1.05602 -31.9273 732
-1.63376 360.422 434
0.422606 21.1519 569
1.13128 -74.545 850
-0.310909 90.584 478
-0.366868 120.606 407
-0.0895408 63.9108 172
-0.410248 126.92 244
0.287666 27.7344 1017
-0.471722 116.338 762
0.322355 18.9595 997
-0.277995 92.3537 480
0.305426 11.3621 750
-0.621745 166.358 235
-0.588922 143.356 754
-1.78007 390.372 236
-1.03778 205.227 754
0.363806 54.2214 645
-0.110098 78.3893 210
2.22362 -216.475 786
0.47642 3.70214 653
1.11005 -144.335 468
0.494771 3.20695 991
0.291512 28.0017 203
0.941511 1.40547 84
0.811095 -13.4032 732
-0.376355 111.641 139
-0.680821 164.724 53
-0.80267 174.478 148
-0.890412 177.547 148
-0.670153 139.173 148
1.73112 -163.165 717
-0.79235 190.302 244
-0.377381 131.793 808
-0.651311 149.091 828
-0.401557 123.665 380
-0.535656 156.052 521
0.458769 9.64149 762
-0.371633 134.312 690
0.716353 32.8997 203
0.966454 5.27017 754
1.18447 -33.6102 890
0.954266 27.3861 214
-0.536989 205.864 676
1.98702 -29.1309 606
-3.40234 563.05 592
-1.06868 260.25 696
0.826012 45.455 967
-0.43489 182.375 748
-0.554046 198.146 421
0.815827 25.0145 547
0.691432 28.131 192
-0.841645 247.377 690
0.602282 52.4133 239
-0.516296 195.547 792
-0.719386 228.983 169
1.24217 -65.2736 890
-0.586652 192.964 748
1.02569 89.6377 582
0.703276 58.5153 747
1.10067 12.4701 504
0.845068 -7.19148 940
-1.3604 262.955 965
-0.437933 111.42 192
0.576962 1.64394 729
-1.05628 243.477 235
-0.510779 129.858 507
0.288599 27.4167 130
0.799226 6.86637 86
-1.19656 255.915 236
1.29814 -97.4465 974
-0.649536 154.456 148
-0.851904 189.147 753
1.25877 -70.674 747
-0.601791 133.559 148
0.829787 7.91149 109
-1.78717 255.322 991
0.558235 14.7385 85
0.179154 29.077 138
-0.490117 107.984 861
0.374575 33.228 143
-0.542975 149.993 795
0.456391 45.0296 139
-0.767173 188.475 754
0.547665 -3.0564 278
0.511287 -8.73985 815
1.81294 -204.553 277
-0.481323 186.083 660
0.56113 47.043 139
2.62025 -266.235 819
-0.429788 200.519 626
-0.344617 175.029 670
0.95381 30.2141 233
-3.26955 721.741 428
1.0575 -56.6937 396
-4.79127 1026.12 427
-0.695697 125.398 114
-2.81062 435.515 924
-0.92812 167.692 1018
-0.346305 122.755 52
-1.18614 272.394 896
0.999935 -42.5574 716
-0.578938 155.915 12
-1.25622 255.892 537
-1.47968 355.471 443
1.88218 -95.2359 828
0.620217 77.6637 418
-2.28536 444.466 779
-0.893348 228.074 80
1.27708 -35.8945 278
0.734834 64.5337 753
-0.864219 223.482 233
-0.586079 171.028 148
-1.28233 295.766 784
0.522871 66.9849 170
-0.888394 241.703 282
0.610433 69.9458 204
-0.950554 220.555 169
-1.57343 325.19 762
0.567153 79.4233 257
-0.454005 220.383 265
-0.625511 214.91 79
1.15966 61.6499 1017
-0.856112 257.557 474
-0.914764 226.475 1018
1.1468 -20.345 796
-1.5619 256.108 990
-0.501393 132.75 149
-0.883011 221.117 392
-0.444265 134.493 1008
-0.842098 179.856 479
-0.270313 99.6143 616
-2.38931 486.827 640
1.91373 -188.091 860
0.760083 15.1128 333
-0.207591 155.194 471
-1.84573 394.649 586
-1.22249 284.949 221
0.902748 -52.5145 427
-1.55653 325.237 529
1.32653 -121.968 689
-2.42098 405.36 958
0.629546 8.44084 241
0.47069 9.20011 86
-0.102309 64.5878 85
-0.228146 98.5532 93
0.278353 32.6717 753
0.257883 33.3066 158
0.19097 37.9816 471
0.974733 -100.7 338
-0.992137 224.428 707
-0.397676 159.593 210
0.820337 -12.8156 79
0.244291 15.5935 78
1.05934 -23.2951 749
-0.563804 248.418 459
-0.707329 182.229 148
-1.38221 312.576 684
1.0104 0.549025 927
-1.5288 325.937 529
-2.24715 441.485 374
0.572762 99.7508 113
-1.54269 431.026 300
-0.307659 135.051 388
0.630443 15.7212 444
0.550529 58.1338 452
2.76297 -251.319 782
-0.848683 225.056 409
-0.500411 188.894 106
2.54515 -254.276 609
0.632011 76.5071 257
0.762184 80.9431 43
-1.38801 347.912 512
3.55 -339.33 817
1.3158 -13.9295 447
-0.688645 218.734 43
-1.03694 218.252 472
0.940831 -22.6629 155
-0.642283 192.867 181
1.02582 -60.5589 221
-0.825613 238.158 245
-0.838761 207.59 789
-1.01751 211.297 201
-0.795501 218.135 355
-2.04382 433.325 722
0.382641 100.535 162
1.04751 32.8022 537
-0.488398 196.099 85
-0.746052 257.163 163
-0.91219 256.179 474
-0.668137 224.805 292
-1.43173 344.187 889
0.932636 42.5432 548
0.761646 -15.0335 973
-0.719523 212.539 922
1.22479 -86.785 402
1.10497 -60.6569 557
-0.227258 70.3819 754
1.71204 -218.924 555
0.866267 -15.4298 235
0.167178 121.007 535
0.75444 -8.30234 268
-0.179098 148.959 906
-1.21576 258.168 561
-1.44305 308.94 500
-1.40345 295.431 375
0.888151 -27.9438 803
0.614348 -34.8986 953
-0.107352 54.071 213
1.27959 -109.393 335
0.436187 41.0342 81
-0.548723 160.056 235
0.585467 -15.862 496
-1.61296 282.983 813
-1.55588 316.724 610
1.16207 -48.3266 447
-0.880502 164.042 139
0.206471 10.9555 212
-2.36508 482.157 738
0.642384 52.5281 138
0.379217 80.2147 1010
0.515776 69.9029 997
0.674214 53.8484 449
0.985471 15.1226 140
2.49311 -244.769 367
-0.694094 275.292 532
-0.956692 303.284 438
-0.282906 139.006 46
3.64676 -383.013 755
-2.29539 500.393 802
-1.02807 270.315 578
-0.938764 256.793 803
-0.786703 239.674 45
-1.08908 227.54 1022
-1.09443 232.702 1018
0.659601 55.4333 162
-3.01943 705.653 394
0.955345 4.84463 285
0.5488 99.7288 680
1.35352 -75.6249 891
-0.818609 226.311 116
-0.735049 210.527 52
-0.735086 212.293 293
0.742799 31.6227 789
-0.611096 175.371 55
1.02257 -20.4138 514
0.713501 61.4459 178
0.62901 79.3461 170
-0.561808 201.103 139
0.765979 37.1083 775
0.919943 1.77935 251
-0.874004 212.406 109
1.07705 52.2712 1023
0.910683 22.2505 515
0.561674 77.2047 14
-0.790701 193.316 84
-0.629014 198.391 420
-0.453373 178.012 808
-0.857413 238.379 429
0.546924 70.9368 344
-2.34828 413.764 926
-0.920204 203.303 752
-0.9998 210.08 235
0.465553 22.9859 148
0.873524 12.2572 148
4.94446 -553.264 786
1.36402 -132.004 684
0.120034 21.7444 138
-1.19755 207.919 997
0.992464 -39.8493 270
-3.41879 531.888 304
2.75632 -440.18 428
-0.775697 175.422 309
-0.698648 128.38 637
0.477528 21.6613 50
0.484536 31.1778 233
-0.563689 161.791 59
2.22125 -320.249 300
-0.606815 186.225 265
0.803059 25.7618 455
1.45289 -112.941 528
-0.278298 95.8916 1007
-0.131125 61.3058 216
0.302323 21.6358 147
-1.10366 226.947 244
-0.925301 165.261 215
-1.15897 212.619 182
1.60443 -39.3281 665
-1.25194 305.51 461
-2.39274 579.399 404
-0.565496 153.276 451
0.829248 -36.0555 278
-0.637032 196.718 759
-1.99134 420.256 751
-3.85137 814.398 362
0.954748 34.441 694
0.484948 90.3492 257
-0.547046 206.725 680
-0.559021 251.811 1003
-0.895247 270.634 684
-0.712961 249.365 729
-0.783669 286.08 283
1.32138 59.3226 644
0.655607 60.7006 181
0.81433 33.7161 753
1.34803 -89.7617 285
-1.06226 256.301 752
-0.852879 229.956 360
3.00038 -277.398 894
-0.953769 276.291 690
-0.903415 207.189 634
0.797066 33.1254 62
1.01944 24.2727 408
-0.853683 297.045 379
-1.22562 236.453 111
0.612221 52.9304 227
-2.4527 479.894 432
-0.841103 220.357 631
0.928047 11.0491 414
-0.908246 237.777 280
1.76738 -128.706 960
0.610756 23.8897 155
2.39053 -312 434
0.537877 63.4181 353
-0.59392 228.729 939
1.11208 -0.176903 701
-0.723694 184.514 122
-0.492363 104.23 148
-0.923973 157.028 139
1.34955 -50.3549 84
-0.953459 162.085 139
-0.984403 191.232 53
-1.3458 326.478 752
1.22321 -47.768 212
-3.37633 685.085 341
1.57409 -154.048 621
-2.06843 338.155 334
-1.54582 284.718 783
-1.0784 246.024 890
0.638829 -21.0436 742
0.960009 12.6767 603
-3.34853 672.889 297
0.934495 -55.1223 762
3.22376 -492.127 332
-1.00817 237.729 570
1.19238 -9.14448 764
-0.928851 208.726 408
1.32446 -91.2416 683
0.875374 -4.15086 52
1.15321 -20.1233 203
2.13795 -216.598 310
-0.524367 202.539 95
0.734099 70.7285 114
-1.22123 292.057 310
0.657752 26.1269 440
0.778107 1.44548 376
-0.787676 220.733 344
-2.35482 312.594 543
-0.565132 184.401 290
1.23923 -38.7702 431
0.99448 15.7967 578
-0.87332 255.095 747
-0.527247 229.558 257
0.44903 122.096 149
-1.33683 361.741 277
0.6692 46.691 742
0.845824 45.0405 474
2.23007 -79.3885 671
-0.499988 200.522 181
0.655257 34.1085 227
0.757654 0.890672 189
-1.04366 173.269 81
1.24739 -10.1318 991
-0.718902 220.621 448
-0.768137 237.013 377
-0.642424 205.502 213
0.719423 50.3071 98
-0.997471 261.147 796
-0.931572 232.064 632
-2.12495 536.456 565
-0.767142 197.261 583
-0.68756 203.257 616
-0.529331 154.749 140
1.19858 -58.4042 859
-2.44668 594.195 339
-4.20038 635.973 849
-0.562192 177.848 20
-1.20234 331.152 243
-0.944351 238.289 830
-0.515486 182.52 978
-1.78006 271.773 701
-1.05597 175.344 74
1.57659 -39.6932 638
0.690305 23.7325 293
-0.905491 245.796 890
-0.795362 216.589 191
0.877912 66.1237 486
0.653978 26.6828 481
0.696886 15.513 233
-1.48982 249.74 723
1.26953 -96.8889 431
-2.32121 482.539 672
-0.659285 197.414 301
0.449711 43.5694 754
-0.626132 222.199 587
1.77334 -188.446 738
0.813687 -12.4039 292
0.7193 12.8805 748
0.555593 41.8629 54
0.622148 52.5661 138
1.41588 -19.6047 570
0.804198 6.03672 93
0.706873 73.7781 712
0.471732 90.5622 678
-1.10581 235.353 84
0.755339 27.1253 53
1.82204 -223.209 341
0.718667 35.3386 478
-0.864492 201.4 537
0.559575 60.7018 209
0.87341 40.3224 233
-0.94788 204.374 1019
-0.85201 234.411 217
-1.98329 317.605 666
0.493588 114.83 85
0.618353 78.2301 52
-1.74008 417.382 751
1.69384 -92.5241 750
0.637015 78.9873 194
-3.00755 541.844 720
-0.836771 249.28 203
0.575515 97.6765 108
-0.751247 199.647 85
1.67238 -85.3391 591
-1.26953 268.625 303
-0.846042 182.096 119
0.694539 51.5657 680
-0.41416 174.722 210
-1.04459 224.297 504
-1.1652 272.9 796
2.30194 -77.2845 669
-0.888072 254.754 474
0.838245 50.0909 729
0.372603 90.9625 598
0.518607 80.6006 85
0.503911 80.3485 59
-0.930828 221.222 1022
-1.35346 224.143 73
0.496432 77.7411 234
-0.605911 181.214 809
-2.26703 507.982 865
1.19713 -40.8223 559
1.09289 -52.8635 512
1.02087 -19.4104 732
0.469921 38.6748 148
-1.82968 352.999 762
-1.05929 273.795 721
-0.562444 166.026 170
1.28161 3.74089 1022
1.14413 -55.5912 684
-0.58617 136.793 84
0.617822 -7.42667 1007
-0.949338 164.747 113
0.961116 -55.4661 529
-0.964444 218.17 990
-1.207 309.525 533
1.55899 -106.828 431
1.88656 -121.7 336
1.42443 -155.014 554
3.32151 -517.838 300
0.933169 -26.1887 278
-1.21557 221.782 747
-0.754928 175.285 139
-0.734842 220.409 50
-0.514229 185.569 148
-0.608755 185.483 148
1.26362 -12.9683 448
0.807041 26.9165 85
0.258015 23.7402 59
-0.911913 250.366 243
-0.359913 151.649 22
0.523686 69.6555 712
-0.433924 166.076 223
-3.44438 718.899 801
-2.10575 517.751 467
0.860212 -3.6178 286
-0.47329 164.551 148
1.39814 22.0943 666
-0.847018 240.97 729
0.435414 86.0857 753
0.949857 10.8815 463
2.05415 -20.6522 606
-1.01865 286.945 240
-0.908054 288.586 488
0.723506 105.781 664
1.29363 -6.53355 560
-3.11488 561.376 719
1.10324 29.7963 569
-0.892394 190.024 175
-0.789752 188.712 281
-3.16447 720.873 428
0.604787 45.1526 856
0.497784 75.9762 54
-0.635364 196.427 170
0.426453 84.5808 148
0.719092 28.289 1009
1.40229 -77.2889 890
-0.607577 241.617 439
-1.05308 329.534 527
-0.721334 213.865 419
-0.427915 200.091 358
-0.763512 234.344 683
1.00584 -37.2275 890
0.776559 35.4876 967
0.491381 69.5524 418
0.63554 29.8248 9
-0.494001 185.246 841
0.432806 46.075 139
0.346054 23.6412 1015
-0.505835 147.29 1011
0.814676 12.2663 84
-0.752232 169.593 139
1.64659 -131.562 721
1.67161 -142.314 277
1.87743 -88.9503 747
1.68332 -29.5885 109
0.365913 27.0502 115
1.82197 -109.292 303
-1.56843 362.304 963
0.390538 33.2431 455
-0.902388 257.729 301
-0.455335 178.366 754
-1.24686 243.344 733
0.880263 -39.6548 456
0.70565 -14.4137 471
-1.58801 343.18 589
0.205925 157.245 233
-0.235606 209.555 53
0.442352 120.285 721
0.118518 168.704 106
0.329421 133.536 139
0.5341 93.5421 139
-0.629152 166.721 84
-0.922344 208.046 754
0.325068 60.575 210
-2.2404 540.867 403
-1.70347 417.5 491
-0.543452 175.976 97
-1.11311 248.686 515
-0.586384 187.388 730
0.797689 23.8212 442
-0.617161 200.285 85
-1.06461 264.497 670
-0.431478 231.642 324
0.523811 99.1881 180
0.650793 96.4275 726
0.435262 134.115 170
-0.494271 211.461 85
0.818851 19.9523 1005
-0.51202 206.151 204
1.18289 -36.0497 683
-2.13747 417.76 717
-1.13884 306.757 438
-0.972708 249.132 528
1.99896 -65.0859 638
-1.04449 221.905 570
-1.81186 375.911 400
-2.88785 671.216 801
0.535332 85.73 213
1.2431 -37.8662 890
-0.956148 279.431 251
-0.555076 204.492 202
0.668419 70.6979 753
0.759735 86.3262 580
1.69605 -146.541 628
1.21684 -57.8684 235
0.843008 35.3028 177
0.631952 36.3449 280
0.45943 72.7476 205
1.78687 -127.671 560
0.50745 27.1863 48
0.405661 13.5942 165
0.256986 34.3914 44
-0.50038 139.723 213
1.39527 -81.6977 266
0.142926 156.15 233
0.511841 81.1 236
0.459565 91.0597 236
0.197675 145.219 856
0.454818 96.256 439
-1.83672 411.403 492
0.662503 19.9184 593
0.625874 35.3045 598
-1.31076 234.814 786
-1.17221 290.027 301
-0.677119 236.775 532
0.357801 85.4089 55
1.38434 -103.407 589
0.372799 14.0814 661
-1.07845 248.532 471
-0.318036 239.781 546
0.18315 176.159 139
0.234715 150.955 53
0.3284 129.458 263
-1.92884 404.806 786
-2.29632 447.118 786
-0.574795 179.641 148
0.700759 3.46164 265
-0.598558 137.889 1018
0.676291 -5.5293 825
-1.13363 252.428 716
-0.756861 189.683 289
0.717423 42.4738 482
-2.28516 429.118 767
0.896543 10.0705 546
1.08168 9.00448 473
-1.00007 263.262 416
0.651677 59.1656 130
-0.419771 198.407 680
0.955441 15.5781 278
0.398571 111.25 441
0.867088 48.5311 684
-1.11115 280.873 515
-0.811304 204.895 84
0.592699 64.4884 210
-0.610044 201.756 180
-0.648099 172.193 201
-0.578506 147.294 170
-0.687666 221.282 245
-0.55692 168.636 677
1.06306 -47.9296 774
-0.532306 185.739 385
-0.998798 258.06 413
-3.22527 727.152 672
1.59796 -98.553 890
2.67314 -233.472 432
-3.75538 595.091 590
0.575867 80.3808 503
0.935164 35.2224 84
-0.762884 245.981 409
0.634273 54.1248 58
1.4568 -109.87 278
-0.833912 188.759 707
-0.577932 169.493 195
-0.850661 234.107 252
-0.281887 101.723 748
-2.33487 429.6 432
2.12499 -234.782 236
-1.99491 388.574 715
-0.707731 197.584 109
0.905444 14.1499 299
-0.151176 200.432 257
-0.10959 198.309 759
1.09376 -5.2214 375
0.727759 -26.8051 333
-1.05333 288.006 557
0.941706 -27.3934 589
-0.199408 102.776 114
-0.781606 246.578 301
0.145185 102.255 407
1.06084 -77.9525 332
0.146115 125.365 138
-0.74223 191.411 749
0.836106 15.7419 242
0.288407 167.916 114
-1.135 380.76 704
-0.17883 196.724 81
-0.0719169 188.133 15
0.165538 155.882 481
0.265997 123.877 278
-0.896385 269.896 721
0.337107 60.5713 589
0.458241 59.6657 85
-0.745311 207.909 244
1.17685 -114.568 499
0.659565 31.7459 296
1.24986 -19.193 991
-0.381762 135.105 613
0.718275 34.1069 759
-1.06663 298.375 278
0.969979 64.1055 359
2.20779 -271.257 332
0.397734 110.709 4
2.59663 -307.608 236
0.532852 79.3663 211
-0.932114 226.803 74
0.721921 39.6403 379
0.915606 26.4336 514
-0.814633 244.01 52
-1.07577 267.621 444
1.11632 -52.8712 310
0.852882 21.8293 247
0.502639 57.5827 205
0.450664 88.2221 205
-0.578297 184.179 106
0.405 88.1507 676
-0.605699 182.783 84
-1.0443 264.423 480
-0.523514 170.899 646
-0.845519 262.484 286
3.07038 -426.748 737
0.577314 41.1507 162
-0.715668 223.799 445
-0.607773 182.296 107
-1.72375 322.665 762
-1.584 305.176 303
0.33333 31.8155 3
0.708875 12.8362 664
-0.347486 115.856 39
-0.675642 172.138 53
2.44173 -338.232 300
0.119482 146.873 211
0.122756 158.437 170
0.420886 97.5166 856
-1.24103 403.154 428
0.11947 176.705 119
-0.149081 209.847 218
0.591333 82.6514 471
0.6901 2.86326 525
0.432433 69.1832 242
1.33342 -110.161 706
0.466002 35.8488 303
-0.616914 222.594 651
0.106352 115.907 241
-0.182481 138.538 1021
-0.319361 167.861 201
0.69598 15.0422 525
-1.53137 360.806 493
-0.226447 208.41 991
-0.247123 202.216 74
-0.104057 203.846 544
0.105158 169.885 98
0.389264 127.533 114
-1.17502 337.057 896
-0.659404 197.257 74
-1.59783 368.168 786
0.574635 63.995 245
1.21798 -4.79736 607
-0.526434 168.927 998
-0.732035 192.565 754
-1.29118 318.853 267
0.87968 59.728 137
0.505007 57.7821 260
1.06511 -4.11926 954
-0.936567 257.443 754
-0.460751 205.295 180
0.346026 109.48 162
-0.46933 187.886 646
0.642886 81.1888 727
-0.555727 216.025 43
0.607517 65.9289 195
-2.16505 446.005 722
-0.924913 274.693 683
2.57008 -200.724 272
0.544865 79.4659 139
-0.575876 165.463 53
-0.584922 171.444 388
-0.616539 166.235 213
0.670932 32.8848 257
0.502246 80.037 160
0.541596 80.5044 203
-0.713727 243.918 48
1.06538 -11.8262 416
-1.02532 196.989 580
-0.822536 225.527 508
-2.69517 582.46 640
-0.653253 236.566 156
0.959868 -3.24331 997
-1.49772 358.936 243
1.02737 22.5387 712
-1.00248 172.743 74
-0.53026 183.623 345
-0.903721 209.658 643
0.199171 128.678 211
1.60791 -134.219 330
0.879332 14.7594 235
-0.0931356 184.377 101
0.306638 133.801 722
0.558853 66.6843 427
0.529278 89.3985 300
-0.27651 224.336 990
0.898882 19.7169 589
0.405621 41.2154 469
1.75916 -170.36 373
-0.654362 238.599 338
-0.316827 148.963 278
-0.26682 163.663 237
0.199133 106.433 643
-0.154601 153.568 871
0.424725 81.5929 559
0.33917 72.9432 237
1.23814 -51.6773 274
0.183506 159.04 392
0.316924 150.836 818
0.272089 142.568 530
0.355962 139.051 114
0.595888 65.1297 310
-0.127116 178.333 139
-0.0875622 185.422 195
0.224202 142.376 114
0.487962 81.9848 547
0.301783 76.9331 205
1.00948 65.8387 550
0.793843 36.5243 796
-0.436866 169.504 792
0.944864 -7.55138 795
-1.81227 438.63 738
-0.421298 191.114 106
-0.629233 227.389 54
0.516218 81.6364 475
0.51111 79.389 421
-0.639477 247.366 286
-0.970284 304.804 890
-0.344219 207.765 1014
1.93526 -182.687 737
-0.527972 181.795 676
1.07198 -27.9064 463
-3.10081 712.536 332
0.593351 38.9359 180
0.652694 42.7593 14
1.17431 -67.649 890
-0.617363 193.664 234
0.728672 14.5923 377
-0.748896 222.58 49
1.50838 -127.15 267
1.29323 -58.7263 954
0.763971 37.2878 257
0.627927 80.4317 54
-0.542985 202.276 178
1.46119 35.4019 73
-0.603575 189.442 182
0.685501 42.8831 180
0.718579 48.9946 760
-0.606024 207.7 94
1.09414 -46.3097 496
-0.747265 154.921 504
-1.3529 321.204 557
-0.124312 193.304 594
0.151845 152.828 46
0.945202 -2.36332 393
0.0891411 165.416 210
0.150485 156.658 361
-0.176912 207.583 399
0.418154 111.897 458
-0.618536 314.144 332
0.951836 12.378 589
0.67417 28.4914 497
-0.362959 202.917 626
-0.272364 159.25 489
-0.332687 156.114 868
-0.256254 173.824 301
-0.0980813 134.551 115
0.174989 92.3589 489
-0.247904 168.54 413
0.486088 58.0747 439
-1.22697 321.279 493
-0.101129 198.482 177
-0.174011 207.219 1022
0.574535 87.5446 706
-0.438361 245.802 628
0.110592 162.174 343
-0.106058 190.046 189
0.548521 66.9872 595
-0.341362 170.014 114
0.340363 118.437 119
2.16762 -287.806 428
-0.347534 159.469 823
-0.331419 163.458 643
0.553198 75.6897 114
0.459537 82.1698 2
0.540684 74.9883 162
-3.06236 518.959 813
0.648524 73.6384 754
-0.410781 214.761 355
0.609264 74.9946 442
-0.926665 302.369 795
0.486632 98.9583 286
0.608459 62.408 62
-0.576428 231.589 351
2.61352 -337.076 769
-0.90111 265.655 381
0.447668 75.0866 269
0.928915 30.2872 631
1.02055 -17.4126 479
-0.739041 224.503 618
-0.934507 203.624 408
0.979097 -32.1308 527
1.50925 -88.9088 721
1.88352 -79.4913 861
0.973911 -21.7927 244
-0.521942 193.819 116
0.514795 85.6957 180
-0.577763 213.743 441
-0.900087 260.104 245
0.422232 92.4731 148
0.294884 121.503 204
0.453465 68.0462 181
0.497779 37.8248 1011
0.403549 70.9125 65
-0.950841 175.282 632
-1.06183 285.187 589
0.116267 151.77 520
0.066271 169.182 677
0.622134 68.5596 375
0.611018 67.4921 489
-0.0646829 187.234 21
-0.0732649 193.463 229
0.134571 175.216 487
-0.638465 278.146 272
0.721675 66.0018 471
-0.689779 236.022 407
0.621747 56.7644 653
-0.179092 149.52 906
-0.219172 142.057 114
0.313215 88.5705 867
-0.172698 158.299 380
-0.343756 187.277 426
0.408815 81.2203 559
-0.463817 201.508 529
1.21331 -48.0126 306
-0.436436 270.788 307
-0.330569 240.746 272
0.503764 86.9466 467
0.0646292 172.929 678
0.232955 139.718 706
-0.362854 218.034 893
0.699905 63.3416 784
0.235728 130.198 211
0.161791 149.277 939
0.539372 59.6796 589
-0.383324 179.157 195
0.681203 62.9652 698
0.782592 54.4151 539
0.469551 98.7605 680
-0.439256 188.293 792
-0.51819 196.656 385
0.30364 125.294 679
0.650286 66.5594 729
-0.559582 197.686 74
-0.339559 194.492 676
0.378509 111.196 677
-0.416919 194.155 204
-0.997856 244.371 713
0.807433 57.6561 106
-0.883175 224.296 572
4.05833 -410.695 785
0.445304 71.154 106
-0.693786 209.612 905
0.548846 34.2201 748
-0.806293 183.046 570
-1.02337 182.347 1023
0.681135 40.2027 238
-0.420677 149.257 213
1.04393 15.8794 408
1.69767 -125.797 722
-0.956551 253.122 546
-0.753739 198.036 201
-1.54468 291.57 636
-0.649195 224.592 62
-1.14272 258.023 758
2.46968 -264.093 609
0.736405 27.4475 995
0.64198 39.5281 547
-1.91807 350.689 818
0.477213 69.6708 651
-0.177158 185.75 675
0.144277 161.461 14
0.449564 99.3079 522
0.713719 47.8828 393
0.340257 134.054 716
0.0837096 170.158 117
-0.100889 195.77 190
0.160063 169.547 520
0.822238 53.4065 471
-0.321082 175.592 471
-1.34797 378.668 394
0.293506 78.6644 954
-0.10791 142.346 237
-0.656213 255.98 236
-0.378439 184.755 751
0.342152 80.7355 892
-0.27639 174.563 269
0.286746 95.7182 439
0.717488 45.7952 306
-0.214697 211.717 81
0.272013 151.187 407
0.0749656 176.262 210
-0.557341 251.13 622
0.0680463 173.236 650
0.237849 139.27 471
0.212977 142.252 265
-0.217626 197.276 700
-0.222213 212.009 587
1.24444 -73.5136 706
-0.348181 177.158 743
0.558521 75.2477 764
-0.900032 233.339 764
0.749932 80.6849 352
0.475949 89.6848 4
-0.701311 222.772 633
0.643979 99.4431 201
-0.40362 204.668 213
0.856209 47.9818 762
-0.582371 198.656 449
0.749584 34.8361 252
-0.559735 217.726 255
0.946105 91.6695 645
0.676432 39.0775 475
-0.767511 217.704 967
-0.690622 200.118 56
0.464473 77.4533 148
-0.459579 142.707 106
0.377223 71.858 613
0.991109 -29.1937 689
0.799847 36.4323 449
-1.91169 217.832 75
0.570795 72.5263 632
0.614414 58.9279 171
-0.681645 217.361 212
2.48546 -314.499 672
0.549977 62.2232 677
1.03111 23.0924 610
-0.909954 285.066 316
1.23992 -71.8814 309
0.370981 70.9418 887
-0.550841 166.11 210
2.46635 -343.616 640
-1.14135 286.189 557
1.02982 -10.9189 375
0.730505 39.8937 489
-0.203117 202.698 302
0.0679111 173.986 887
-0.212028 190.929 138
-0.112038 194.304 237
0.0725208 174.166 535
-0.0651382 184.478 108
0.283388 141.122 463
0.616233 80.8309 237
0.255844 94.6196 593
-0.445003 217.329 338
-0.290388 155.961 762
0.45907 47.4224 564
-0.106741 149.673 50
0.213156 93.5577 642
-0.118288 140.926 61
-0.231005 161.736 269
-0.483809 200.024 529
0.982881 -6.02457 338
-0.134548 219.852 471
0.524877 96.316 532
-0.0806534 202.347 841
0.201553 158.144 784
0.170766 156.043 439
-0.398206 236.273 628
0.111322 166.627 683
0.133813 158.144 856
0.170819 162.517 519
-0.56954 190.685 111
0.377719 76.3821 287
1.22023 -12.295 956
-0.887016 235.869 747
-0.584481 193.44 647
0.632942 89.443 246
0.411845 110.492 677
-1.02029 252.312 600
-0.770452 235.276 569
-0.722308 259.075 752
0.511839 116.583 85
-0.353248 195.251 48
-0.594299 236.388 190
0.594512 80.8405 390
0.70846 38.3954 187
0.719049 18.9371 557
0.444477 56.4593 823
-1.0899 245.298 784
-0.491848 138.273 233
0.884573 -26.4885 890
0.770457 43.4338 80
0.448129 50.9649 139
-0.524923 178.277 173
0.671181 46.5845 132
0.734837 49.7208 753
-0.437775 171.371 776
-0.61701 221.537 155
1.93835 -105.551 785
-0.262157 166.365 139
0.517764 60.0885 62
-0.713192 199.563 263
0.959868 46.146 645
0.848513 -41.0743 285
0.61651 -18.3871 221
-0.70155 210.646 471
-0.457963 231.28 689
1.20935 -45.7851 361
-0.111985 185.433 241
-0.329137 238.287 738
0.12661 161.577 237
-0.237106 214.043 557
0.237736 141.77 330
0.082019 174.355 115
0.410271 105.916 427
0.554175 91.1446 237
-0.126838 146.791 101
0.400254 85.6194 503
0.118783 96.4777 890
-0.262781 165.352 269
-0.246698 168.376 383
0.763599 33.8252 368
-0.0517614 126.127 175
-0.267037 169.492 407
-0.264146 152.56 207
0.966375 0.94529 338
0.40927 126.478 595
0.453221 132.459 714
0.147506 158.512 532
0.0851391 182.451 647
0.31749 119.721 532
0.281311 135.894 310
-0.375681 225.29 526
0.0877956 167.514 106
0.967814 -0.66493 374
-0.200306 183.045 79
0.637824 41.5787 557
-0.348858 149.528 234
0.730042 41.902 754
-0.823514 216.313 537
-0.911041 295.231 380
0.569498 59.4522 252
0.439957 127.736 680
0.743235 49.9844 899
0.718765 37.2091 286
-0.771794 256.636 954
0.375966 101.296 85
0.753573 65.68 408
1.45958 -95.6257 751
1.19133 -25.9744 591
-0.490472 164.73 203
0.572818 42.9607 536
1.29537 -55.5105 828
-0.548521 183.48 245
-0.899937 251.09 219
-0.553824 175.601 489
-1.64831 321.111 716
-0.528474 156.754 614
-0.674403 210.073 190
0.514658 55.1644 180
0.606882 69.0424 54
-0.567821 231.604 123
-0.444527 179.792 731
-0.482127 179.275 213
-3.48712 744.993 736
-0.917833 241.301 629
-1.00707 209.263 1018
0.480811 56.7522 25
-0.730764 190.377 806
-0.847224 274.073 589
-0.0967452 193.675 627
0.92026 6.15571 393
0.138291 159.421 536
-0.17933 206.458 867
-0.199409 198.37 1018
-0.09105 188.284 535
-0.189064 219.608 393
-0.259035 230.909 492
0.113468 165.504 407
0.548329 91.1192 237
-0.251286 156.048 1020
-0.285163 173.211 564
0.160583 87.824 469
-0.155949 153.003 439
-0.162953 156.041 139
0.182745 117.627 109
0.106166 108.147 343
0.101441 112.433 529
-0.251217 154.308 239
0.267845 145.21 242
0.537585 93.6315 532
-0.481488 246.353 893
-0.135315 198.757 612
-0.104024 198.241 210
0.260127 133.467 267
0.0974602 176.235 42
-0.423365 233.628 862
0.116183 164.466 535
0.362501 98.3466 594
-0.151152 183.839 85
0.512627 75.4197 269
-0.582395 166.1 81
-0.358498 164.516 171
-0.461508 187.232 44
2.9039 -228.418 812
-0.575489 198.499 694
0.724585 47.705 463
-0.697705 238.761 448
-1.36896 364.435 751
-0.411426 201.033 386
0.590882 83.5229 448
-0.690959 198.184 77
-0.685124 187.269 680
0.529178 71.5633 180
0.756297 12.5233 187
0.701184 62.6431 645
-0.737238 180.317 747
0.295157 70.9965 676
1.64073 -131.894 722
0.460456 43.2427 211
0.764513 -18.6336 684
0.681202 32.3311 80
0.761962 29.96 322
-0.847097 209.269 351
-3.83252 570.858 494
-1.26034 310.722 721
-0.688573 204.04 43
0.452226 101.422 180
-4.08605 674.42 755
-0.707449 228.014 195
-1.5582 339.774 715
-1.13001 268.226 235
1.29884 -60.1651 988
-2.31572 591.655 460
-0.111821 193.836 282
0.896787 4.49075 425
0.283332 122.536 489
0.0788055 164.905 29
0.581626 112.95 812
-0.177414 202.724 273
-0.163105 206.406 547
-0.139885 208.397 586
-0.270396 216.676 465
0.441333 103.622 237
0.226073 101.935 982
-0.296367 174.3 306
-0.319448 177.86 562
-0.279431 178.786 407
-0.308181 203.743 1002
0.51975 69.5591 684
0.416669 68.0908 464
-0.218595 159.805 488
-0.345255 167.074 239
-0.285838 228.186 525
0.757644 42.5169 499
-0.0916273 199.754 234
-0.10193 207.159 228
-0.272178 228.891 564
-0.618318 294.223 372
-0.130096 204.043 474
-0.543347 255.654 799
0.431287 97.7579 595
-0.448909 226.846 557
0.310371 132.614 723
1.29265 -66.8875 309
3.0059 -269.357 848
1.81502 -85.2997 990
1.7078 -78.4289 927
-0.560241 198.333 515
0.692673 51.5532 761
0.496092 91.1716 116
-0.703793 238.022 729
-0.488101 210.842 196
0.813147 23.4569 188
-0.582824 198.506 203
-0.578804 235.984 157
-0.573238 198.752 753
0.407361 84.8933 203
-0.653075 205.27 382
0.721693 63.2239 74
-0.382364 142.259 418
0.772563 -19.0117 546
0.906864 12.7894 81
0.592403 43.3877 138
0.579208 20.9607 748
1.00474 -25.0792 508
0.679772 0.716882 347
-0.481795 173.244 53
1.76273 -94.0457 401
0.991117 -20.8336 880
-0.743072 201.782 85
-0.982627 203.193 599
-0.827923 206.531 80
-0.480078 195.048 181
-1.25617 313.171 310
-0.315162 104.771 180
-1.43075 338.195 595
0.68858 39.7722 424
-0.241405 214.649 770
-0.80901 272.589 689
-1.57649 454.088 428
-0.0943577 185.711 612
0.12956 171.206 271
0.484043 98.9764 490
0.689843 67.1113 332
0.240265 157.544 525
0.235665 150.312 305
0.710464 68.239 503
-0.131289 156.503 242
-0.224549 159.395 306
-0.181184 148.694 589
-0.26765 169.42 503
-0.834445 311.818 524
1.3642 -25.3928 368
0.100212 117.072 269
-0.0875599 137.084 753
-0.340043 179.685 943
0.358931 124.066 595
0.193486 145.938 370
-0.194497 212.711 752
-0.16635 219.015 561
-1.11416 381.297 768
-0.87287 292.689 819
-0.242972 227.809 438
-0.34664 222.174 766
0.324285 117.964 627
0.212627 143.799 265
0.158903 155.806 747
0.542249 70.2354 471
-0.259459 126.67 204
-0.743821 218.942 292
0.82646 36.6425 601
-1.64914 292.441 607
-0.711813 204.915 84
0.502826 76.9423 260
-0.33965 172.607 170
-0.951722 266.392 747
-1.76077 366.046 723
-0.6512 207.178 116
1.08283 43.4721 1018
1.747 -98.9212 592
-0.545936 180.553 213
0.960667 -23.9406 890
-0.60107 174.994 571
0.354342 66.134 319
0.716116 32.2003 246
-2.40234 414.932 786
-0.493545 156.818 753
0.702298 10.905 351
-0.723769 143.953 583
1.04503 -53.1535 349
0.968567 -49.3604 378
-0.760202 208.309 754
-0.995038 249.482 474
-1.51766 250.439 543
-0.687824 193.97 85
1.15291 -51.8517 278
2.0325 -272.766 500
-3.91208 584.842 304
0.624509 5.49836 119
-1.16506 256.132 471
0.779215 21.2158 393
-0.112829 192.725 598
0.224373 144.418 589
1.06082 -21.3415 393
0.286951 128.057 458
-0.0588568 194.23 804
0.304443 130.077 522
-0.912717 363.181 428
0.62473 75.8064 428
-0.121408 189.584 1018
-0.492731 231.296 626
0.448746 47.0566 460
0.35583 52.7026 565
0.0889598 105.197 529
0.520281 40.2442 338
-0.257507 184.253 53
0.473649 90.7637 990
-0.05839 136.114 210
-0.17372 147.495 119
0.450377 75.5518 497
0.496229 88.8546 562
0.252995 134.081 563
-0.182213 218.57 471
0.411606 115.326 522
0.162992 159.556 659
0.146067 159.553 971
-0.159166 204.133 716
0.262643 136.496 752
-0.492204 225.089 621
-0.232985 219.568 393
0.15526 167.506 487
0.777135 32.3163 471
0.521519 44.5142 680
-1.5586 384.307 426
0.797437 35.9623 680
0.94126 4.03805 310
-0.784262 232.261 754
-0.652666 209.706 748
-0.551813 232.528 684
-0.693783 254.966 285
-0.353262 159.107 614
0.331266 110.502 171
-0.757457 221.722 515
-0.617969 177.763 44
1.04635 -33.3996 721
-0.467462 170.023 245
-0.358137 156.515 106
-0.546289 204.463 596
-0.476689 200.039 749
-0.420934 157.791 680
0.77992 56.5467 548
0.703893 -11.1825 155
0.469879 19.4793 173
-1.05077 223.115 481
0.877328 21.6307 233
-2.79564 597.034 704
0.712054 44.4532 138
0.925529 -25.5997 803
1.14287 24.9456 74
0.710965 14.8501 873
-0.732336 203.317 360
-0.877806 225.164 379
0.439176 30.5336 259
-0.849053 206.878 237
-0.573296 202.316 207
-0.302165 216.606 375
-0.099881 187.94 487
-0.763135 275.828 489
0.583765 77.1481 489
-0.210592 218.075 851
0.1819 182.096 551
-0.352637 244.567 589
0.228896 162.367 589
-0.260127 221.416 266
0.299554 123.928 241
-0.629047 251.68 970
0.659984 37.898 685
0.5369 51.2568 686
-0.574012 225.235 803
0.759748 64.7898 305
0.235501 114.028 246
-0.127561 144.708 316
0.102774 110.416 764
0.63058 44.9688 497
-0.29538 223.423 561
-0.16025 208.746 706
0.362619 131.693 596
0.417503 114.032 374
-0.200505 214.399 836
0.0878929 181.346 108
-0.0722787 190.267 442
0.870263 16.2088 534
-0.308144 208.288 471
0.116796 167.081 759
-0.310507 226.21 555
-1.62211 424.209 338
-0.441248 133.647 449
-0.999884 206.926 991
2.94986 -435.734 705
1.14638 23.7345 1017
0.566955 73.6619 52
-0.792723 262.441 890
0.488159 70.3221 282
0.678339 71.5251 569
0.450486 102.991 647
0.464063 74.0855 824
-0.696804 221.086 317
0.573315 69.174 1020
-1.47261 368.57 308
-0.265469 152.277 627
0.250201 78.7407 547
0.820119 -9.96222 463
-0.728089 175.611 727
-0.679697 183.389 385
-1.19245 295.49 544
-0.432768 138.923 1012
-0.701362 146.369 174
0.4074 25.3519 171
0.638915 39.4504 646
0.621107 11.7039 389
-0.555953 163.732 188
-0.892638 163.441 81
-0.674778 179.598 328
-0.425388 141.853 126
-0.559263 163.872 678
0.770025 -39.3387 488
1.61268 -144.155 927
-1.6197 349.683 589
1.16711 -29.358 375
0.4666 83.9412 520
0.289626 130.237 489
0.366063 110.31 557
0.721231 33.6233 458
0.0772526 183.84 210
0.12846 173.658 621
0.841958 22.1282 427
-0.171853 229.623 267
0.262433 149.348 525
0.54777 68.6824 301
0.244799 105.643 471
-0.107191 132.948 977
-0.250337 164.191 738
-0.712507 265.158 276
-0.751888 274.597 722
0.842876 27.5116 432
-0.199473 162.058 306
-0.152221 141.078 754
0.724928 36.2956 497
0.261482 142.908 301
0.235454 153.953 465
0.338665 153.217 270
0.151499 161.555 659
-0.290894 242.952 706
0.109096 178.545 237
0.229402 147.536 752
1.05103 -36.1811 498
0.261646 151.947 804
0.310303 130.539 375
0.257516 126.893 439
-0.926815 268.684 338
0.516555 39.527 233
0.51737 64.2581 680
0.70472 58.0768 508
0.937004 -19.6347 512
-0.769457 218.418 119
0.850303 8.6883 546
-0.575604 189.586 452
0.367602 75.0523 173
-0.531427 184.294 52
0.537742 70.6027 417
-0.48874 175.982 154
0.504191 68.9256 171
0.919417 -6.09172 715
-0.336851 152.789 754
-0.523222 163.616 81
0.790429 10.3039 717
-0.691608 222.184 463
-0.552539 158.282 202
-1.34452 269.39 785
2.17685 -132.019 991
0.743938 11.174 633
-0.438422 139.416 122
0.648546 25.4791 77
-0.882464 242.477 867
-0.497743 120.186 646
-1.17764 241.546 747
-0.719246 182.143 448
-1.32251 265.937 559
1.3689 -128.239 722
-0.52051 147.425 528
0.539246 14.8066 81
-1.49635 319.123 589
-0.158012 182.248 423
-1.54268 424.838 554
0.113315 160.566 552
-0.743102 318.535 332
-0.118897 173.324 676
0.688207 70.4222 489
0.140777 167.78 589
0.265186 133.645 425
0.212329 167.464 749
-0.181484 211.131 360
0.501238 63.7983 301
0.182982 100.755 471
0.245119 96.3279 667
0.184794 97.5626 810
-0.308811 182.028 471
0.41374 113.146 754
-0.300215 184.275 709
0.0507623 118.173 948
-0.181127 149.293 463
0.884217 18.432 497
0.312363 134.857 333
-0.241502 218.142 643
0.71528 66.019 706
0.165819 160.999 360
0.120649 179.562 658
0.116169 186.364 109
0.450708 110.677 471
-0.28029 205.957 598
0.204166 168.613 1022
0.42318 101.4 339
0.654865 61.5545 439
-0.392943 145.785 360
-0.76007 163.558 991
-0.831512 216.353 827
-0.594454 198.189 196
1.17064 -30.676 814
0.405377 73.0337 53
-0.355656 156.792 170
0.494066 72.5918 1015
-0.545391 181.63 416
-0.544791 173.374 477
0.74606 -2.57175 953
1.00497 38.4911 143
-0.740179 205.522 751
1.70336 -221.477 332
-0.341775 171.53 873
0.917688 -2.44515 240
-1.11215 255 717
-0.358301 138.146 85
0.389792 93.7228 171
-0.806354 223.181 689
0.453375 49.2565 213
0.498206 24.7741 48
0.950066 -50.6547 348
-0.393481 128.358 204
0.413784 40.6646 676
-0.687024 170.923 377
-0.614965 166.282 407
0.727572 21.2827 233
0.559469 -10.5054 379
0.68133 4.59963 482
-1.42517 313.918 244
0.324523 5.96717 503
-2.0853 376.301 375
-0.839797 278.498 368
1.08635 -39.6856 425
0.445646 78.9102 338
0.236704 143.555 235
0.581717 84.3079 609
-0.365835 235.505 589
0.186056 164.578 235
0.198301 149.949 439
0.591489 87.6462 586
-0.368746 247.394 489
0.75988 23.4277 365
0.286622 64.6988 565
0.0639179 110.396 37
-0.0816458 125.166 612
-0.389709 186.671 535
0.330804 120.292 439
-0.302484 174.45 117
0.0451212 117.582 420
-0.101308 138.631 242
-1.00084 291.527 407
0.225435 146.359 333
0.152219 168.027 242
0.610831 69.0239 532
-0.164505 211.21 471
-0.0778979 205.48 210
0.34772 132.087 407
-1.52358 442.715 371
0.217049 144.674 242
0.162239 157.39 557
-0.187554 202.231 796
0.922124 26.0268 302
-0.226155 107.581 148
-1.2811 324.577 706
0.460947 73.8824 777
1.45478 -102.486 722
-0.792024 217.12 653
0.326645 87.9009 792
-0.422741 157.996 147
-0.884804 269.415 235
-0.437732 168.756 205
0.464352 54.3604 226
-0.248932 118.217 148
0.560117 38.4475 234
0.236363 84.0626 108
0.594597 35.7121 478
1.86153 -135.745 304
1.55983 -191.39 768
-0.855041 222.798 608
0.390112 96.8192 106
-0.950305 308.53 243
-1.532 312.54 861
1.17027 -26.6429 717
1.18511 -80.5891 244
-0.431695 142.604 138
-0.391858 150.209 1001
-0.61535 138.017 1020
1.46112 -156.092 928
-0.544234 130.983 351
0.585004 15.8708 934
-0.560492 110.163 482
0.397305 35.1427 109
-0.665396 104.441 517
0.288029 16.194 711
1.18125 -125.986 689
0.951822 -9.24261 586
0.580155 77.4263 375
0.521323 78.8097 520
0.21449 145.633 360
0.580125 81.6104 738
-0.550301 243.73 305
-0.100659 194.411 105
-0.750404 270.399 861
-0.480845 258.024 557
0.194356 163.584 269
0.862446 18.0601 525
0.249276 69.6922 405
-0.0450464 120.346 159
-0.160522 140.43 245
-0.382315 195.35 471
0.469888 105.828 784
0.988933 1.42492 642
0.0926198 109.861 311
-0.217732 160.251 524
0.961461 6.424 529
0.701735 49.9759 466
-0.327227 247.08 469
-0.730912 316.136 533
-0.141503 202.485 233
-0.149545 214.338 471
0.481787 101.977 627
-0.404301 239.951 595
0.104162 172.004 691
0.16098 152.439 899
0.462845 90.5122 595
0.63995 38.4742 407
-0.477692 128.393 536
1.7686 -217.413 672
0.919616 13.8194 699
-0.588179 164.527 101
-0.530075 178.3 116
0.40761 43.7109 347
-0.433716 139.864 84
-0.668005 196.201 245
1.08457 -5.32774 605
-0.419328 155.486 752
-0.495962 153.974 391
-0.288379 135.319 108
-0.482427 171.547 690
0.566267 59.8849 84
0.934577 -31.5517 432
-0.126626 113.76 661
-0.43325 147.661 754
-0.724394 222.805 991
-0.436089 209.087 187
1.63315 -138.761 308
-0.460892 175.481 84
-1.10988 276.593 496
0.744634 6.43393 278
0.445815 68.6681 149
-0.362389 160.549 360
0.610165 20.1311 753
1.43057 -103.854 723
-0.473046 115.729 967
1.24134 0.791887 581
-1.64881 269.349 986
-0.786166 190.937 546
-0.577005 153.208 235
0.344393 -23.0361 377
0.990922 -18.6898 520
0.336529 132.806 747
-0.700419 251.358 589
-0.331114 229.218 375
0.201225 157.576 439
-0.284994 213.494 378
0.44846 99.1395 492
0.423366 124.337 894
1.20833 -54.2082 427
-0.288843 244.904 564
0.796725 23.1053 557
-0.0635339 124.825 132
-0.118303 126.345 568
-0.226866 146.715 739
-1.04845 329.744 738
2.18259 -222.164 737
0.569461 79.4484 589
-0.130871 146.601 593
0.0847445 105.733 911
-0.767729 246.231 471
0.564846 71.7018 498
-0.375415 240.595 497
-0.317934 225.851 528
-0.152112 212.376 749
0.427365 121.162 595
-0.29202 200.605 270
-0.195791 205.651 535
0.171455 167.096 503
-0.26771 211.38 716
0.473352 88.586 627
1.00332 -15.2324 439
-0.329938 114.28 214
-0.80874 217.343 309
0.586932 30.5333 155
-0.398401 157.017 448
2.26877 -294.069 236
1.17245 40.482 550
-0.5989 198.14 187
-0.973024 214.279 747
-0.915664 199.59 991
0.438632 55.7889 731
-0.520383 150.829 991
1.25284 -60.8932 782
-0.316968 138.969 234
-0.264708 118.912 408
-0.79862 225.346 267
0.263412 74.1125 137
0.169982 67.8961 148
-0.436485 211.121 311
-0.229151 190.743 117
-0.46511 220.475 585
0.43293 86.3327 880
-0.388734 197.996 684
0.325004 103.342 515
-0.583098 170.779 74
1.21718 -99.3447 533
1.16311 -72.8305 933
0.162846 37.8195 149
-0.232353 68.7052 148
-0.796096 123.009 567
1.21563 -145.495 374
-0.66136 145.186 747
-0.192325 71.4364 210
-0.466195 101.468 890
0.769157 17.859 552
-0.503962 247.669 375
-2.26903 582.577 300
0.34615 112.521 489
-0.169514 201.005 137
-0.397436 237.598 235
1.23642 -43.7834 426
0.112169 178.543 233
-0.477368 254.807 586
0.717039 57.2071 492
0.783885 38.0427 557
-0.428483 201.633 468
0.279949 66.5542 530
0.619576 52.4795 956
1.56883 -31.1704 861
-0.256303 180.355 614
1.13156 5.02753 432
-1.27635 283.681 654
-0.445719 188.113 963
0.623576 59.9224 242
0.60909 68.5456 338
0.374663 136.467 598
-0.435661 254.904 867
-0.720143 330.059 307
0.503907 114.167 471
-0.790111 308.933 706
0.225264 161.678 310
-0.121402 200.136 242
-0.0863448 185.619 391
0.348449 110.513 659
-1.167 275.681 561
0.416938 45.5227 147
0.397037 27.8242 226
0.932912 -21.3549 271
-0.850969 199.407 604
-0.518292 189.345 212
-1.37273 376.834 427
1.07963 -27.3768 828
-0.573968 187.912 194
-0.371236 156.561 293
0.516475 34.8281 408
0.160897 90.5658 822
-0.506616 142.048 582
1.27443 -51.6209 893
-0.508747 160.287 754
0.3112 63.8337 89
0.329877 60.2746 81
-0.45699 162.452 437
-0.825121 252.724 717
0.269042 114.524 360
-0.971732 315.618 896
-0.448034 235.77 393
0.213198 139.905 172
0.768855 55.7788 927
0.826871 21.6868 752
-1.60587 334.167 721
-0.476286 130.13 884
0.835156 -62.9412 890
0.515379 -8.30896 302
0.531116 -23.7203 188
1.04988 -87.7541 689
0.382161 35.8447 82
1.14871 -88.5163 959
0.704956 -90.7932 738
-1.25587 248.341 525
0.869797 8.5396 489
1.65872 -51.2783 965
0.466518 96.7809 520
0.160636 172.553 328
0.415807 113.445 407
-0.673001 280.674 557
0.220178 157.487 456
0.328484 131.884 557
-0.658951 274.797 525
0.702372 65.9964 375
-0.241456 160.959 520
-0.317261 177.111 338
-0.113198 131.462 711
0.421694 84.8659 934
-0.282107 164.865 613
0.264399 113.03 777
-0.0963805 135.2 242
0.326344 75.61 944
1.12027 -33.4224 370
-0.600478 294.764 706
1.83163 -172.489 467
-0.159027 214.775 627
0.139248 172.133 242
-0.778858 311.585 370
-0.282231 229.002 471
0.328327 145.459 407
-0.135724 192.439 1017
1.40193 -66.5643 309
-0.32919 181.471 174
0.867168 -29.7319 954
-0.895121 158.005 671
1.11574 -65.5457 715
-2.26599 516.966 737
-0.279473 117.64 677
-0.301268 132.877 161
0.612132 39.8798 695
1.27932 -63.2586 723
-2.56114 441.286 817
1.46056 -98.4686 432
-0.551534 155.032 991
-0.51707 180.255 884
0.4378 24.5524 690
-0.721795 214.928 899
0.192105 80.7444 106
-0.240748 124.193 996
-0.176986 103.216 129
-0.197496 95.7124 455
-0.221002 176.975 50
0.143241 151.833 172
0.342117 115.08 182
-0.2797 187.574 47
-1.03792 341.902 300
0.401104 81.2773 748
2.42016 -196.858 592
0.79539 -36.0758 721
-1.2222 297.683 502
-0.451315 98.3631 113
-1.05515 238.911 437
-0.351951 109.124 269
0.38791 0.283143 343
-0.67355 148.128 722
-0.456049 130.665 618
-0.27459 78.2146 561
-1.2902 271.809 557
-2.5217 599.866 428
-0.263461 214.568 557
0.880949 9.63192 298
-0.415993 255.315 557
0.294274 150.525 471
-0.997747 340.053 738
0.594277 118.58 959
0.318335 148.721 273
0.697143 68.1061 424
0.49963 104.775 407
0.183029 105.979 237
-0.129524 136.044 360
-0.0540309 118.874 116
0.135484 104.562 520
0.526817 56.0094 806
0.666081 2.88554 460
-0.47657 178.91 862
0.862238 11.2018 529
-0.276676 227.348 561
0.352749 128.014 596
-1.43523 445.671 435
0.251311 146.542 562
-0.339164 234.403 529
0.455379 86.3147 458
-0.302361 236.577 525
0.199437 165.752 535
0.112169 168.083 139
0.568594 81.0246 659
0.975906 -4.18666 439
0.649301 -6.08652 796
0.866781 -54.5264 716
-0.931942 249.521 532
-0.303564 122.386 753
0.597961 15.7755 314
-0.518459 156.612 748
-0.749168 162.792 1018
-0.368125 135.033 213
0.371854 48.476 853
0.655601 35.5784 732
0.398104 48.9331 273
-0.280326 112.749 201
0.364384 56.3506 119
0.501808 3.96005 555
-0.199991 122.953 442
0.779935 -41.414 457
-0.947901 249.719 800
-0.284444 108.178 504
-0.90778 283.04 815
-0.879391 281.44 786
0.116841 152.149 776
0.373626 99.8234 278
-0.642555 225.743 683
-1.04071 243.979 991
1.62283 -179.552 372
1.76704 -142.928 783
0.760619 -9.21833 149
-2.64007 535.888 768
0.624799 -24.8678 958
-0.354753 89.2481 416
-0.215726 67.0632 265
0.608008 16.5297 550
-0.199791 74.8266 634
0.25307 8.86581 631
4.27361 -474.412 686
1.12826 -45.6466 456
0.413101 100.605 489
1.12828 -31.2764 425
0.675263 61.2832 489
0.71037 66.373 706
0.406798 91.0155 594
0.252224 155.975 109
0.182337 160.87 148
1.24024 -63.145 427
-0.344673 247.249 458
1.62808 -170.243 428
-0.143302 136.809 626
-0.100369 125.036 182
-0.700313 256.469 522
0.618635 96.7295 74
-0.132078 134.323 680
0.0584396 109.938 449
-1.0323 293.23 439
0.16153 161.466 535
0.709352 74.0686 752
0.513914 93.3388 360
0.193586 158.199 690
0.391905 121.668 598
-0.656271 278.487 595
0.396647 142.189 270
0.108706 165.584 207
1.55135 -96.8994 309
0.515602 81.1918 658
0.974615 -8.71104 471
-0.609666 130.376 714
1.41478 -203.179 332
0.287834 36.747 93
0.622961 -8.7438 278
-0.71607 209.098 278
-0.667053 160.994 86
0.776633 15.2742 781
-0.245675 119.411 792
0.522297 50.3751 1021
-0.336033 149.603 265
0.240645 67.9338 748
-0.236544 126.274 116
1.03177 -40.4772 722
0.250817 64.1234 748
-0.26 118.863 264
-0.262608 130.836 212
-0.988831 270.102 704
-0.23528 121.296 890
0.25191 130.717 441
-0.629206 226.291 671
-0.422362 197.62 214
0.209888 139.102 614
0.43821 110.54 359
0.514361 39.0466 243
0.621457 76.398 612
-2.84936 426.171 861
-0.774272 178.222 749
-0.266823 94.6138 116
-0.41383 120.446 392
-1.16351 245.989 502
-0.846727 159.815 747
1.58674 -97.8575 764
-0.829293 180.827 749
-0.725145 136.698 53
-0.633671 126.106 753
-0.874054 231.827 456
-0.935643 277.396 525
0.774463 49.7743 375
0.501811 73.5438 625
-0.510051 247.473 496
0.644674 45.967 276
0.301088 144.636 520
0.329752 146.145 965
0.34213 114.514 425
-0.531688 280.573 427
-0.675551 241.382 360
-0.133109 130.047 206
-0.146793 135.706 278
-0.639762 229.148 278
0.353259 85.7573 557
-0.123143 138.595 753
0.164351 94.8314 273
-0.875238 270.543 269
-0.31238 222.031 598
0.655131 74.0233 471
0.203245 143.888 658
-0.636389 310.127 467
0.500354 82.4748 471
-0.439585 234.076 471
0.291416 145.432 471
0.33474 118.24 922
0.893972 31.7332 659
1.42184 -83.1237 437
-0.964365 233.361 709
-1.33033 245.038 715
-1.18252 274.418 244
-0.292779 124.968 211
-0.319199 106.747 84
-0.947323 211.103 515
0.584417 8.17502 690
-0.731928 188.28 747
-0.601883 166.253 754
-0.629123 192.752 458
0.984062 -83.5429 338
-0.763212 232.936 235
-0.984005 227.13 927
-0.182344 119.293 748
-0.545284 185.743 867
0.362128 56.4118 408
0.427633 45.4607 991
-0.132925 114.437 23
0.19659 75.7882 144
0.333593 119.084 611
0.26236 113.367 1008
0.143581 143.794 679
-0.158228 173.256 90
0.984071 -12.0213 609
0.173565 114.091 213
0.474114 58.1832 515
-0.267969 148.019 222
0.525885 65.7295 612
0.987842 -37.225 731
-1.10739 234.922 235
-0.737566 155.017 660
-2.18297 434.239 373
-0.505574 108.959 138
-0.878212 171.83 747
-0.807399 174.336 234
2.15929 -255.04 722
0.712278 14.9985 552
1.52126 -116.736 393
0.198265 147.047 138
1.30069 -67.3468 298
0.186421 152.797 166
-0.469071 223.416 274
-0.551866 257.32 557
0.21089 159.682 139
-1.65987 380.846 686
-0.58668 250.81 525
-0.347955 173.554 520
-0.218522 137.146 369
0.227414 83.8685 721
-0.292213 173.017 684
1.49667 -43.4119 336
0.150173 107.512 474
-0.130941 131.433 455
-0.675326 224.899 503
-0.71777 280.996 366
4.05144 -592.143 404
0.126906 171.019 359
0.206697 158.017 598
-0.993295 301.564 596
0.50744 92.3637 596
0.334038 114.86 374
1.48392 -97.7407 309
0.470884 95.5077 117
-3.42464 780.914 705
-0.46363 154.115 234
0.388478 41.0683 204
-0.730286 165.149 753
-1.23861 230.321 515
-0.748409 206.847 211
-0.833627 234.391 211
-0.602645 169.347 213
-0.751269 165.493 85
0.746518 10.2373 698
0.398864 37.817 234
-0.403007 149.3 116
-0.42097 152.041 265
-0.23901 137.339 650
-1.41361 363.213 362
0.284545 76.286 213
0.639885 3.24618 762
-1.00597 264.264 769
0.245169 50.3136 868
-0.113205 99.6687 205
-0.155417 177.972 137
0.350285 116.892 721
0.240752 137.892 114
0.36773 83.7556 530
0.345019 81.362 547
0.488323 46.5358 310
0.751613 15.3114 277
-0.258784 156.167 210
0.653318 18.8937 79
-0.528382 117.16 995
-1.31046 226.958 747
-1.63473 268.427 754
-0.8929 171.119 547
-1.07336 240.953 683
0.919384 9.88639 647
2.04711 -222.709 722
0.503888 -21.1238 187
-0.457898 112.726 213
-2.00517 380.036 927
0.948366 -16.2862 235
1.37058 -89.3627 425
-1.72182 368.34 717
0.652506 54.1436 589
1.15634 -59.9572 458
0.44915 101.545 310
-0.222006 203.808 444
-1.53069 345.855 767
0.280483 89.0394 269
-0.113377 129.285 749
-0.512038 209.028 437
-0.481217 219.46 706
0.258272 112.53 1016
-0.12147 141.159 44
0.328495 105.055 74
-1.0441 313.479 589
0.421726 141.634 81
-0.827146 240.916 471
0.950822 65.4442 494
0.863451 10.6126 595
0.976091 -11.9796 529
-0.440277 237.537 310
0.45656 109.561 643
0.89738 24.4984 659
2.35013 -293.94 459
-1.03708 314.438 532
0.812213 -33.8979 244
0.786506 -26.5893 953
0.572733 32.7003 599
-0.399246 112.534 670
-0.864257 196.154 400
0.426512 55.4857 143
1.40146 -101.459 779
-0.601619 159.003 16
-0.751673 183.851 263
-0.490562 174.353 234
-0.565257 190.449 553
-0.687659 133.054 75
-0.316022 135.02 781
0.508017 37.5694 754
0.297609 63.9052 946
0.657524 -15.5189 620
-0.307747 120.252 668
-0.160049 100.746 441
0.117873 74.6272 792
0.250195 135.459 278
0.223382 143.934 270
-0.266903 180.131 633
-1.10043 263.175 714
-1.59335 422.718 800
0.345178 104.857 359
-0.370352 162.422 1023
-1.30447 330.918 501
0.654879 11.1492 631
0.42872 16.9733 547
-0.785845 197.175 244
-0.61987 108.733 482
-0.943244 164.859 767
0.878798 -33.4883 990
0.291317 17.9325 195
0.482148 2.49023 408
-0.589979 145.123 515
-0.438578 118.422 117
1.04394 -61.2263 267
0.846087 24.8295 781
2.07355 -242.886 460
0.916446 -34.9671 521
0.703062 33.8131 585
-0.987444 282.376 589
-0.359701 229.274 496
-0.925032 347.771 533
-0.912237 315.326 338
0.115895 101.068 345
-0.457296 199.45 342
-0.239498 161.929 620
-0.513586 217.863 278
-0.159505 158.239 360
-0.123292 142.363 311
-0.119003 132.485 1018
-1.34304 370.086 738
1.02364 -12.2851 595
-0.813693 245.625 471
0.307556 143.238 278
0.692421 43.4899 471
-1.73569 352.667 815
0.59983 85.2653 700
0.639841 55.117 598
1.22771 -74.5893 370
1.81317 -197.381 406
0.585111 32.1876 627
-0.383231 173.166 198
-0.704297 219.274 235
-0.402034 154.172 939
0.432128 28.8164 259
-0.282989 97.1766 201
-1.08309 282.97 276
0.347429 47.489 54
-0.174853 104.955 53
-0.208337 109.295 616
0.588667 7.77279 716
-0.428689 153.092 471
0.568377 25.0312 722
0.610968 29.1291 781
-0.271056 138.689 265
0.262372 66.4409 471
-0.307976 147.831 525
0.267534 75.1733 142
-0.688184 220.487 704
0.297104 57.9062 265
-0.0917606 183.451 181
-0.259517 191.635 80
1.77653 -183.473 468
-1.26768 328.329 432
0.273402 124.799 212
-0.384111 210.1 585
-0.303045 194.475 906
1.00065 -44.1593 784
-0.697717 151.232 716
4.47687 -483.593 819
-0.40907 104.379 149
-1.33897 288.848 1010
-1.62074 346.411 1010
-1.59955 329.638 995
-1.4967 237.006 1018
0.829046 0.137518 676
-1.29869 262.958 546
0.398056 13.4633 157
0.885955 -46.2239 564
2.22605 -252.096 330
1.11153 -32.7065 749
1.44326 -106.273 393
0.678013 56.1365 266
0.451601 74.2729 47
1.02738 -21.2605 426
1.12563 -25.5443 437
0.717086 40.6337 366
0.0901959 107.968 269
-0.134301 139.739 690
-0.100606 136.069 598
-0.197693 158.797 997
-0.202595 165.98 596
0.194038 98.0907 278
0.0889721 117.223 97
-0.151892 147.467 136
0.694512 36.6928 743
-1.08816 316.008 653
-0.386129 226.019 497
-0.95678 282.983 595
0.394247 121.955 114
-0.633946 281.079 532
-2.52491 620.576 307
2.04365 -244.654 706
1.03846 -40.1902 658
-3.00572 688.789 468
0.378844 70.6771 44
-0.749636 235.019 586
0.320069 46.1574 159
1.16293 27.5709 75
0.762801 28.5509 419
0.931938 34.4953 75
0.190352 78.9587 171
-0.51137 158.708 754
0.197757 68.6636 748
0.214444 70.872 612
-0.124984 95.0158 210
-1.02545 225.772 927
0.404461 44.1366 953
-0.217322 122.009 116
0.41763 46.2738 747
0.715845 6.98333 723
0.484564 18.6377 969
0.329638 61.6901 747
-0.477684 162.786 965
-0.113198 189.6 85
-0.150513 191.244 233
0.267846 125.65 875
0.129214 162.33 416
1.1546 -45.1891 307
0.573725 66.9538 608
0.905889 5.32163 827
-0.958229 234.297 474
-1.07742 235.287 62
-1.15041 255.528 211
-1.35844 288.607 245
-0.623888 149.079 106
1.42161 -97.4506 721
0.443045 72.5256 149
0.942252 49.6307 580
-1.50336 300.405 890
-0.825868 155.229 202
-0.761199 157.066 85
-1.26068 282.904 929
1.491 -138.508 586
-1.03709 236.245 749
-1.16703 292.59 392
-0.636575 196.453 139
4.55845 -684.14 768
0.470452 119.64 139
0.683752 41.12 684
0.493172 61.3422 767
0.0948131 111.753 391
-0.280918 171.464 404
-0.19286 157.633 439
0.295474 118.735 74
0.540963 68.8898 558
-0.168378 155.996 690
0.185396 101.4 278
-0.106353 139.909 245
-0.528507 215.978 711
0.213246 149.493 188
-0.362831 198.078 57
-1.12028 303.311 589
1.60815 -74.698 432
-1.72243 421.32 501
-2.16367 503.234 341
-0.610288 190.103 598
-4.9387 1020.25 768
0.757547 0.966036 348
1.3402 -66.2683 717
0.699304 26.7654 408
1.33803 -145.546 769
0.388012 25.7367 357
0.584922 20.2597 408
0.681922 62.4479 582
-0.334927 147.753 1015
0.477206 35.1758 245
-0.640474 160.93 478
0.551477 8.4365 901
0.202355 64.9268 13
-0.553553 171.402 754
0.955287 -38.6723 367
-0.199426 118.74 748
-0.435319 157.258 690
-0.22261 116.662 81
-0.155932 124.481 691
-0.313158 139.548 781
0.748241 -37.9209 300
-0.176932 199.735 269
-0.279138 220.15 722
-0.10416 196.74 661
0.184883 160.552 784
-0.174299 205.673 1001
0.468349 95.6239 867
0.790133 28.9558 747
1.72386 -114.235 723
1.25375 -13.9234 633
-1.22016 287.607 211
1.65155 -65.4618 478
-1.42565 236.801 74
0.508347 86.1494 245
-0.49321 222.532 474
0.47046 91.9031 106
-1.21999 275.262 410
2.77438 -307.646 722
1.42828 -93.8359 716
0.543402 69.6152 648
0.702262 5.5937 689
-1.02647 244.29 337
-0.285886 143.812 580
-0.446742 204.288 212
0.436652 99.9832 81
0.117144 104.334 838
-0.075559 130.198 207
-0.0574952 126.018 753
-0.240354 163.049 628
0.0535893 118.483 181
-0.391119 182.206 780
0.319814 74.9512 554
-0.141588 153.089 186
0.566431 32.4933 342
-0.0793118 134.787 680
0.0650913 116.601 263
0.0834839 112.088 292
-0.657151 214.377 747
0.428392 108.067 138
-0.533572 228.746 684
-0.665396 226.961 734
-1.27337 367.614 370
0.475336 67.1472 471
0.767687 -17.3975 595
1.02727 29.9718 82
-0.716096 194.5 52
-1.58379 338.291 795
1.55246 -74.8048 851
1.65055 -112.857 716
0.277775 62.1882 213
0.717049 42.701 82
1.03528 -33.6304 721
-0.673675 220.108 227
1.37891 -69.7792 716
0.824437 34.285 482
1.07608 -42.836 717
-0.21983 120.89 212
-0.331152 123.949 138
-0.429731 128.469 1023
0.512542 38.212 991
0.443097 50.964 991
0.506719 8.81648 458
-0.28668 157.215 587
-0.139626 124.055 471
0.119529 91.75 912
-0.105732 192.576 209
0.329589 126.851 437
-0.084991 195.23 939
-0.228834 219.397 684
-0.0951087 205.974 593
-0.361578 225.149 593
1.14327 -68.7524 437
0.531529 32.7031 561
0.446251 46.605 159
-0.520961 123.66 149
1.51466 -56.5534 303
-0.938335 290.532 717
0.309879 135.442 139
-0.381615 193.041 676
0.412258 112.173 676
-0.943823 170.821 680
1.36277 -183.25 243
0.449786 42.2482 677
0.501752 27.3041 265
-0.385356 171.395 627
0.901892 -49.6324 341
-0.263744 163.716 684
-0.178403 161.642 158
-0.120364 145.359 148
-0.164763 148.898 138
0.403296 67.9465 722
0.15047 100.908 721
-0.198178 156.355 528
-0.101251 140.943 117
-0.182082 160.549 660
0.514478 34.8143 435
0.155145 107.335 690
-0.0781823 139.094 181
0.358334 60.7545 396
0.111883 109.543 529
0.0993605 124.281 233
-0.15373 149.269 138
0.352679 80.1905 721
0.228207 94.266 920
0.500695 90.8319 81
-0.41972 177.97 209
0.989329 -40.3811 267
-1.50366 399.712 470
0.888718 -32.5042 244
1.1198 -91.5781 738
0.275545 67.3404 213
1.54857 -92.2002 723
-0.476467 166.621 116
-0.782521 206.347 695
-0.757309 186.293 233
-1.03359 242.549 754
-1.06894 247.126 754
2.11961 -205.743 750
-1.88841 227.375 110
0.492229 63.9796 748
0.920821 -27.0212 795
-0.481589 146.041 570
0.366544 58.3144 81
-0.32273 143.641 393
0.123946 77.8822 115
-0.461603 182.651 491
-0.525716 215.976 427
-0.107175 127.362 886
-0.490301 203.08 492
-0.512941 246.589 717
-0.418321 226.001 714
-0.19369 210.781 684
0.0898635 183.031 148
0.218714 142.788 595
-0.212949 179.84 145
-0.353599 188.879 561
-1.6984 316.337 622
1.38077 -159.575 833
-0.871996 201.025 753
-1.06631 206.56 74
0.317092 115.889 228
-2.4321 480.851 785
-0.524734 221.218 601
0.470145 136.066 583
1.30439 -46.2363 481
-0.65863 147.782 139
-0.793843 190.797 694
0.398601 78.1192 201
0.193592 76.9429 693
-0.434527 171.862 653
0.176486 93.9389 690
0.106498 112.827 148
0.300734 98.0047 138
0.529624 56.1631 235
0.522078 87.5287 747
-0.283607 176.14 138
-0.56848 207.236 715
0.0825263 123.845 647
-0.307061 185.919 952
-0.658936 246.358 640
0.118307 116.781 226
-0.250305 153.393 1018
-0.363852 161.345 1022
0.944715 18.7307 721
1.11974 3.29536 722
-0.220008 171.042 84
0.32739 118.247 1023
-0.157676 156.234 748
0.46487 52.6287 244
-0.351352 161.571 241
1.58609 -170.718 403
-0.522659 191.078 974
1.01893 -8.53455 723
-0.401395 166.109 759
1.47241 -140.136 236
-0.365421 149.22 451
-0.48861 148.049 84
-0.387428 141.251 694
2.04953 -155.804 367
0.303684 94.235 180
0.615297 43.9905 675
0.524625 44.9758 254
0.740637 17.942 355
0.821623 37.7779 748
-0.942268 219.475 748
0.392605 82.2445 171
0.932413 -0.330452 733
0.249876 78.0347 147
-0.867636 207.338 894
-0.278959 132.508 636
-0.270207 155.744 439
0.350419 63.0052 557
0.0922719 104.234 918
-0.489339 265.029 467
0.132677 170.965 113
0.0678796 179.655 455
-0.168695 206.046 714
0.218411 149.659 375
0.269978 141.737 109
-0.603174 241.704 596
0.650262 -5.95417 706
0.556405 59.1386 483
1.25068 -79.4709 890
-0.713524 220.463 729
-0.804703 282.71 774
0.679754 57.8358 186
0.425493 137.794 84
-0.515421 243.912 228
-0.948942 196.948 680
-0.756578 185.364 62
0.974595 30.2213 86
-0.278777 131.407 650
-0.332547 145.541 270
0.145228 99.014 890
-0.139635 137.746 954
-0.60014 181.105 991
-0.437926 141.938 138
-1.03695 206.332 747
1.45686 -135.062 586
0.157173 137.164 148
-0.171706 160.129 583
-0.138282 160.751 148
0.51713 76.7108 721
0.571004 69.0975 762
0.922854 -11.8882 236
0.315284 113.311 245
0.304024 131.388 80
1.00905 -2.36529 752
-1.7002 348.362 721
0.595606 50.6415 148
0.566126 28.8481 586
-0.0944194 145.234 203
-0.129537 156.865 130
0.167099 98.7922 525
-0.350903 178.255 333
0.398202 58.5757 495
0.435774 80.6498 476
0.510954 64.3897 635
-0.607944 168.079 233
-0.695821 174.382 85
2.63048 -218.865 767
-0.915603 227.955 476
0.358586 80.0492 676
-0.557926 190.302 675
-0.930983 213.596 638
0.342589 82.661 729
0.164565 95.578 711
-0.205141 130.558 129
0.614197 59.2761 612
0.653272 43.6559 695
-0.32461 147.326 221
-0.312818 139.265 138
-0.477164 173.421 689
0.150647 87.409 242
-0.385142 183.8 738
-0.506418 194.336 927
0.155908 106.926 482
-0.0691597 187.651 210
0.094547 166.397 753
-0.302363 226.213 684
-0.301239 220.503 716
-0.177195 197.217 359
0.659221 90.4178 815
-0.649098 207.821 956
1.71696 -213.592 533
0.70953 -2.16312 561
3.22676 -262.631 590
-0.592769 200.517 449
-0.595713 244.294 186
-0.864258 236.602 112
-0.644587 220.024 599
0.405763 117.977 180
1.5018 -104.702 244
0.881444 -8.21774 190
-2.18794 472.487 620
0.565705 33.4062 547
0.313262 67.159 473
-0.0630177 123.148 109
0.103086 107.128 529
0.561063 57.9503 689
-0.181786 156.595 748
0.957768 7.06008 747
-1.01809 241.525 690
1.35475 -119.03 586
-0.722723 270.355 768
0.382506 81.091 690
0.389363 93.4842 586
-0.17854 179.664 823
-0.216315 185.99 211
-0.217853 184.783 267
2.21748 -263.902 437
-0.628346 150.194 114
-1.13142 271.078 684
-0.484976 165.953 74
-0.19655 149.455 148
-0.262871 179.626 524
0.0894024 122.687 547
-0.074159 130.023 206
-0.540539 177.08 989
0.564592 57.9903 694
0.635678 36.4142 60
-2.18393 498.436 331
0.679515 -13.897 972
-0.503399 167.905 14
0.702153 36.3028 748
1.67349 -59.1421 478
-0.793245 167.146 109
0.445537 83.3784 179
0.70507 33.8015 442
1.05981 -2.01666 716
0.377452 107.89 647
-0.678075 213.953 814
0.18598 85.0617 48
-1.4036 348.421 297
-0.718174 204.992 265
1.44612 -69.803 958
0.239693 88.5061 790
-0.240042 145.441 621
0.105679 112.797 391
-1.0244 274.506 432
-0.227477 153.885 636
0.378734 104.241 467
-0.104564 193.757 535
0.0989965 175.448 449
-0.468869 256.914 896
0.338248 116.553 595
0.366905 122.148 965
-0.313961 175.173 423
0.843895 -28.8847 589
-0.735971 198.831 659
-3.27198 717.167 372
-1.28884 311.673 814
-0.346852 189.064 149
-0.660668 217.372 89
0.503096 93.9132 678
-0.3198 207.98 290
0.594909 74.1741 753
3.16507 -335.507 722
1.03403 -8.73724 84
-0.735441 181.489 753
0.480219 26.9949 235
0.0674525 106.384 884
-0.26757 164.367 897
0.121336 117.76 482
-0.172455 152.013 50
-0.486797 218.166 899
-0.605277 206.245 689
1.20124 -107.333 267
0.589592 47.8359 749
-0.316366 157.532 701
-0.223144 167.332 747
-0.386726 208.317 244
-0.0851519 151.137 114
1.34614 -100.108 437
1.94544 -227.093 341
0.156904 116.318 441
-0.264933 174.008 721
-0.294688 179.977 721
0.15928 116.978 53
-0.280161 151.861 666
-0.266182 165.675 750
-0.0554934 124.939 616
-0.707479 244.308 530
-0.53789 188.8 853
0.663746 29.1693 856
-0.826057 172.378 109
-2.08097 388.244 715
-0.386123 131.83 677
-1.04701 239.243 747
-0.869129 179.823 85
0.596687 61.0433 853
0.408456 94.3619 84
-0.273741 183.909 1001
-0.207561 155.975 148
-0.302943 171.279 107
0.403123 110.777 170
-0.372092 164.753 148
-0.682872 229.167 1003
0.625322 -0.902585 277
-0.209788 132.586 287
0.440693 90.9821 147
-0.502514 213.445 458
0.809855 17.1771 686
0.390492 93.1325 988
-0.22065 174.339 586
0.288747 136.568 277
-0.223255 212.078 714
0.175219 159.904 114
-0.207903 192.783 246
0.178753 147.954 237
1.05822 -40.0307 307
-1.41546 409.785 499
-0.720254 225.883 310
-1.20561 255.102 846
-0.676665 224.315 878
1.90767 -216.071 498
0.76299 53.7162 509
0.497338 107.324 472
0.716024 92.0661 483
-0.5352 229.331 692
0.486514 91.487 753
1.10184 -9.76867 974
0.700574 44.2362 753
-0.819609 177.56 753
0.885931 -50.6684 329
0.650441 -10.1329 300
0.188245 103.383 508
-0.400075 202.987 738
0.47418 94.3707 605
-0.351705 187.04 793
0.122923 120.774 173
0.691769 5.44599 738
-0.691237 219.736 488
0.492327 54.5229 266
0.158942 115.965 621
-0.117476 152.65 212
0.468068 67.3467 752
1.05686 -60.4742 341
0.151144 121.396 85
-0.185018 155.412 996
0.130973 116.269 84
0.127613 106.778 954
0.0872942 113.825 145
-0.382245 192.229 341
-0.479662 181.182 654
0.0889285 113.102 248
-0.220152 151.129 439
0.336485 80.4317 693
0.665753 30.1422 383
-1.18291 257.312 649
1.01978 -1.0153 781
1.1091 16.9734 81
-0.521533 154.791 205
1.9225 -84.8628 701
0.994009 15.5866 748
-0.518753 174.313 137
0.628928 63.32 793
0.223072 113.324 211
-0.342197 192.919 968
-0.294228 180.436 245
0.679179 41.1929 400
1.49519 -83.4485 723
0.314634 90.7403 148
0.873832 18.4259 796
-1.02035 292.396 298
0.150508 102.028 360
0.173105 103.073 311
-0.227312 162.806 923
-0.0718063 147.417 118
-0.918039 292.932 654
0.214666 144.533 684
0.248227 130.508 562
0.152122 152.662 529
0.122592 156.623 535
0.482689 85.519 425
-1.31697 392.507 736
0.598117 35.5418 557
-0.885892 235.79 598
0.597447 42.372 365
-2.29124 523.758 341
0.573765 67.5558 238
1.56219 -138.406 523
-0.415403 223.253 50
0.299615 141.574 643
-0.279679 197.228 327
-3.38361 773.048 737
1.1306 -13.7538 643
-1.04791 218.779 182
1.16695 -49.6916 721
-1.37232 357.596 620
-0.17681 141.398 602
-0.161844 145.485 515
-0.175101 145.177 119
-0.240834 165.319 244
0.162457 113.469 112
0.130404 114.334 280
-0.460833 182.106 689
0.348971 76.1927 658
0.177083 120.7 49
-0.225534 173.198 754
0.359733 79.5595 784
0.722615 39.502 862
-0.34186 181.557 901
0.163081 114.82 539
0.228673 103.63 481
0.169566 105.512 293
0.428417 73.9445 860
-0.197015 155.199 310
-0.184083 142.434 893
-0.353458 164.183 748
-0.661502 224.952 489
-1.54067 307.809 927
-0.550738 148.665 115
-0.970126 218.574 759
-2.18982 401.492 716
2.12603 -149.244 716
-1.041 269.05 585
1.28984 -23.4277 830
0.812021 74.0056 137
-0.681458 251.134 618
0.431595 103.02 33
-0.444305 212.219 726
-0.280233 190.742 12
-0.594761 238.455 954
0.177879 131.302 213
-0.206318 159.759 172
0.3721 89.5013 81
0.240637 76.2751 525
-0.228617 146.772 237
1.07823 -12.5571 830
-0.358991 193.125 618
-0.382449 201.661 375
0.18473 116.378 461
0.144013 150.292 318
-0.0828201 188.083 661
-0.217262 207.992 375
0.218871 141.258 243
0.199879 140.758 661
0.250139 126.639 621
-0.336799 184.974 233
0.409555 71.4107 269
0.516399 59.5735 657
-0.282443 165.718 241
0.399851 99.4494 264
-0.508192 189.141 80
-0.438297 214.483 359
0.61397 97.1639 1015
0.858526 96.6876 517
0.78075 61.4023 270
0.721131 42.7429 561
-1.2275 330.7 684
4.89269 -755.294 768
-4.28881 874.489 833
-1.44444 288.674 959
-0.455258 200.078 800
-0.0738297 131.254 181
0.116783 103.911 773
-0.121104 135.703 116
0.753672 31.9036 848
0.104401 111.254 182
0.179232 100.549 547
-0.323339 172.671 557
-0.123151 148.869 171
0.22475 94.1924 627
0.172703 111.444 667
0.122782 114.851 204
-0.151363 143.643 646
0.143265 106.581 378
0.093956 121.464 676
-0.331736 168.331 747
0.282732 87.8765 366
0.308241 81.0702 304
0.0896481 108.63 683
-0.627888 204.771 265
-1.07914 230.885 748
0.594219 27.3583 312
1.06096 -39.4307 689
1.57385 -66.4803 747
1.31281 -86.5241 292
-1.3433 323.375 621
-0.399107 193.348 53
1.19768 30.5345 81
1.33359 -80.371 235
0.479036 88.6825 234
-0.31131 196.076 41
-0.753764 276.38 952
0.267077 130.723 824
0.190773 136.842 212
-0.256356 170.386 210
0.444668 84.733 81
-0.279352 164.123 235
-0.0906543 126.377 853
0.446376 80.2468 239
0.0965353 112.071 242
0.514427 70.2111 689
-0.840114 259.2 799
-0.264988 186.08 235
-0.503304 254.437 609
0.355266 110.964 500
-0.372747 242.36 706
0.376512 119.408 963
0.666671 47.7205 565
0.309246 127.984 988
0.430298 80.2025 244
-1.17706 286.813 337
0.872059 17.9728 932
-1.4004 302.62 959
0.565825 51.8896 561
-1.37365 317.795 860
1.19427 -55.6301 652
1.36346 19.3823 575
-0.715368 257.268 968
-0.889267 264.889 934
-2.61073 629.486 530
-0.395375 225.912 358
0.973116 30.8751 835
1.2653 9.80095 571
-3.13174 654.405 865
0.449098 84.0034 809
-0.799542 229.218 784
0.116991 103.579 353
0.0767314 107.484 792
0.0671822 114.555 612
-0.0693642 124.777 128
0.0558712 112.28 202
-0.250461 158.845 589
-0.785217 233.289 893
-0.535528 224.261 468
-0.641368 236.928 801
0.205155 102.97 1017
-0.420915 195.623 244
-0.131824 142.807 514
-0.151802 148.833 61
0.120958 112.26 477
0.465651 60.4927 785
0.60169 68.5504 667
0.456188 80.6396 579
-0.821381 197.745 748
2.48147 -204.337 767
-1.52822 306.278 781
1.06412 -51.4341 953
-2.16364 322.235 701
0.84147 25.8693 488
2.35887 -305.564 300
-0.550335 198.968 147
1.20418 -66.0729 375
-3.00235 672.766 460
-1.61734 372.915 927
-0.373263 192.627 109
-0.345883 221.736 219
-0.175758 183.117 887
0.657852 74.5066 830
0.381989 111.534 119
0.156889 110.028 173
-0.681387 192.805 861
-0.0940084 114.405 106
0.258128 83.0634 561
-0.116829 140.988 269
-0.0874489 143.803 423
0.246877 96.1178 587
0.127663 130.511 627
0.44398 100.22 736
0.74048 92.0361 590
-0.30255 220.173 717
-0.272254 225.747 492
0.312482 114.507 589
0.707773 30.3413 530
0.15526 138.354 1
0.870905 -7.74264 530
1.0657 -57.7035 403
0.768165 49.2906 989
0.55161 62.0767 839
0.554589 72.7625 449
1.35889 -40.5746 814
-1.24308 367.323 406
-1.83616 462.015 897
1.77658 -146.982 276
0.808422 37.7283 660
-0.797391 228.755 84
0.6692 91.0102 749
0.70086 62.3401 375
-1.24095 299.557 447
3.00007 -373.118 640
1.05652 -19.0473 716
1.80559 -134.886 960
-1.00671 288.102 309
-0.194403 148.257 61
0.140329 106.58 84
-0.0926668 131.36 597
0.687346 -1.70697 490
-0.295054 177.052 242
0.153184 108.371 84
0.150397 100.514 496
0.0956376 108.896 417
0.112168 111.179 88
-0.111509 136.72 278
-0.0883263 130.96 754
0.382596 96.1438 664
0.205232 91.3768 365
0.36082 91.2717 233
0.374336 90.194 147
-1.3825 284.93 781
4.77093 -506.072 799
-0.671382 214.814 65
-1.4767 351.4 689
0.736923 19.1649 658
0.607204 92.1965 821
-0.958963 213.898 536
-1.86943 369.694 860
-0.499786 225.406 649
-1.4281 338.183 892
-0.252037 182.26 140
-1.15991 377.936 768
0.853755 80.2953 701
-0.696951 231.109 638
-0.308045 177.648 647
-0.193881 170.151 146
0.871569 -14.6632 738
-0.456252 206.99 460
-0.116662 119.386 148
0.148794 95.2847 520
-0.568662 235.19 565
0.0517065 132.322 115
0.197908 103.718 557
-0.292651 186.926 461
-0.0961611 188.574 661
0.14552 158.621 117
0.154368 153.607 661
0.174258 144.785 407
0.17257 156.584 551
-0.129173 178.732 50
-0.151375 172.545 140
-0.395895 195.383 239
0.750618 19.8873 628
1.2321 -20.3817 848
2.14073 -273.341 460
0.785904 -28.9312 969
0.777954 23.4074 561
-1.1834 340.509 898
-1.48622 456.656 339
0.787817 44.1345 497
1.05982 -2.71873 309
2.14477 -152.658 933
-1.2839 344.757 278
1.83059 -144.412 704
0.792851 52.8974 597
1.04432 -6.24042 972
-3.89776 876.133 705
0.608184 40.9288 245
-0.38925 154.266 115
-0.369821 168.553 661
-0.46877 193.044 629
-0.72163 242.344 597
-0.811281 232.399 337
-0.733221 264.784 562
-0.507049 214.322 425
-0.193816 153.262 228
0.133628 108.199 248
0.386592 92.4657 84
-0.709923 249.852 330
-0.398636 178.572 749
0.631603 70.2114 635
1.09558 -12.8769 689
2.51939 -163.415 986
0.717422 86.8467 109
-1.83249 462.72 554
2.6494 -339.656 403
-1.21385 353.307 921
1.38649 -6.55259 927
-1.65632 336.86 988
1.48092 -44.1849 990
-0.978195 291.898 619
-1.0681 221.025 1021
0.548058 69.2702 520
-0.294665 204.42 823
-0.293305 187.66 748
0.275257 134.882 209
0.337123 116.038 996
0.801212 94.4821 1022
0.362166 113.74 471
-0.335596 193.601 211
-0.293859 178.094 234
0.151311 114.256 237
0.344039 70.4287 933
-0.273097 159.135 589
0.411162 90.9531 988
-0.229225 165.558 360
-0.243939 175.164 982
-0.128033 155.328 206
0.391604 132.897 990
0.268502 131.741 867
0.851659 20.9443 736
0.546586 75.2483 406
-0.181515 185.636 360
-0.221937 192.345 270
0.16298 144.294 237
0.28046 124.239 140
-0.379094 208.679 775
0.357167 86.2453 471
-0.806852 234.667 689
2.89328 -419.217 275
-1.27344 372.182 562
-1.57707 414.427 897
-1.3778 421.937 531
-0.547704 240.718 684
3.05381 -421.733 403
0.802736 37.8448 898
2.1449 -187.497 963
-0.750093 273.766 657
1.07651 8.24979 629
0.848029 77.9543 560
-1.52047 410.123 963
1.53066 -80.1541 277
0.775156 16.4906 557
-0.472501 221.898 906
0.669985 50.6608 692
-0.698765 239.121 692
0.776034 19.1867 561
0.664611 37.1339 641
0.600749 37.979 529
0.668922 34.9356 946
-0.836421 271.624 361
-0.293769 162.891 237
2.14068 -120.975 622
-1.01862 299.688 298
0.578722 93.0519 455
0.830941 24.022 979
-1.49033 387.657 553
2.45543 -155.708 926
0.541139 106.257 119
-0.408367 204.777 109
1.454 -87.6755 330
-0.630116 190.454 487
3.09217 -246.535 926
1.02528 46.636 109
-3.64524 731.781 330
-0.476722 202.166 149
-0.620928 245.295 553
-0.779016 267.045 456
-0.323625 188.92 683
0.186981 134.482 204
-0.340801 166.701 148
-0.554129 187.395 1017
0.223607 130.741 108
-1.00836 292.319 266
-0.326409 170.325 751
-0.450275 199 673
-0.118789 127.295 137
0.238407 86.2481 561
0.336224 66.6495 499
-0.179529 151.28 584
-0.349257 177.076 965
-0.243124 162.709 270
0.101294 148.856 242
0.178587 155.246 80
0.290761 112.232 500
0.295107 110.837 595
0.399717 79.2923 594
0.506311 83.9504 898
0.716849 35.558 437
-0.896763 256.306 715
1.44896 -125.869 533
-0.283127 174.333 661
-0.242521 163.958 209
-0.285193 168.724 328
0.552662 47.6796 939
3.46148 -475.612 373
-0.988261 299.206 867
0.774219 61.3956 784
0.976034 58.9078 571
0.368865 99.2292 743
-1.01854 292.933 684
0.913107 14.0542 562
4.24432 -619.284 340
0.503136 124.099 148
-0.531753 260.472 721
1.86627 -159.571 704
1.50007 -87.0972 406
-0.610486 240.701 692
1.47009 -107.98 402
0.585439 81.5463 692
-0.634567 211.197 391
-1.11008 316.759 461
-0.705983 214.513 81
-0.616228 183.123 487
-3.39338 559.119 558
-0.789238 262.643 684
4.51185 -687.96 364
1.08547 -21.6276 424
2.89268 -214.745 272
-0.544677 256.451 619
1.08996 62.6612 636
0.55535 95.6604 619
0.442411 99.4868 972
0.869892 69.6235 478
2.06394 -220.45 491
-0.593226 206.703 711
0.55308 81.8257 978
-0.724706 195.386 241
1.68211 -104.926 933
3.18657 -297.591 895
-0.519739 198.555 352
0.862379 27.8515 689
-0.499765 244.957 521
-0.339077 206.942 62
0.238359 132.798 53
0.488225 83.3501 409
0.239825 117.424 676
-0.870474 274.765 424
0.487082 57.8345 828
0.185104 93.5352 689
-0.218446 153.295 310
-0.468092 214.309 467
-0.25635 165.212 557
-0.478193 219.797 522
-0.128126 144.212 753
0.167603 114.391 328
-0.221097 178.775 391
-0.77192 304.328 307
0.123968 146.156 886
0.21412 129.766 643
0.647432 46.856 596
0.169536 141.515 182
0.3513 110.102 643
-0.321115 199.834 407
0.410587 92.0183 835
0.3569 96.5912 659
0.518751 82.6775 643
0.209922 115.659 451
-0.839989 256.062 310
-1.30462 342.515 834
0.56278 52.5663 839
0.523201 91.5403 967
-1.34408 328.755 366
0.497801 100.389 843
0.336351 122.678 242
1.53916 -36.8781 933
-0.876613 260.914 629
6.80414 -1086.11 768
0.92822 23.7649 151
0.392553 119.525 823
-0.599554 250.789 621
1.82378 -177.455 499
1.57689 -104.835 406
0.735218 71.1975 991
1.63574 -128.295 769
-2.53679 638.508 275
0.864867 11.3251 530
0.95665 45.8635 337
0.474321 120.623 957
0.563127 77.3019 651
1.65054 -111.108 802
1.2143 -62.2591 556
1.09135 -37.4728 554
0.414899 98.9569 520
0.983336 -2.22859 425
-1.40227 354.477 465
-1.25943 285.723 604
-2.80486 681.477 300
0.802366 38.6745 918
-2.3189 520.142 555
2.20884 -262.933 555
-0.69528 219.347 520
0.389533 87.7572 917
0.47231 85.9959 1
-0.436789 233.285 361
0.45817 96.5115 764
1.26772 -69.9837 524
-0.411535 206.167 442
0.335462 110.841 85
-1.14623 313.336 963
-0.412998 196.066 298
-1.4452 383.78 404
0.177561 90.3941 919
-0.401208 171.216 863
-0.171157 137.193 711
0.572811 19.256 530
-0.189168 152.614 557
0.149938 121.897 487
-0.550789 226.812 458
-0.214716 151.09 856
0.123587 141.777 210
1.35144 -81.56 736
-0.260958 201.463 310
-0.416364 214.379 641
0.461023 73.7833 530
0.2648 124.268 271
0.472905 75.4748 557
0.247919 114.121 689
0.47059 74.827 865
0.477794 76.13 461
0.599262 49.9651 528
-0.551677 228.376 532
2.96216 -237.077 893
3.03724 -390.249 308
-3.47953 749.662 373
0.581285 58.9321 182
2.00137 -201.836 363
0.529813 71.9026 594
0.547788 95.3747 660
0.731973 86.6364 784
0.81923 32.9054 309
0.339928 132.068 117
-0.718104 252.894 270
3.12283 -245.16 786
0.670945 68.0521 292
-2.03698 512.476 404
-0.581414 219.509 301
0.171701 109.467 78
0.832567 24.3392 461
-0.711436 228.583 846
-0.419338 199.669 529
-0.539498 242.028 301
-0.518635 214.63 876
0.256524 119.774 455
1.10953 5.84496 461
-2.10847 501.074 802
0.412601 114 584
-1.34206 368.293 457
-0.804149 264.194 979
3.44877 -508.769 300
-2.09981 364.935 956
-1.40009 361.53 553
-3.42514 753.377 459
2.95817 -373.15 457
0.664592 35.9 748
-0.751901 248.172 979
2.11731 -132.743 926
-0.428546 200.559 918
0.430769 98.6123 528
-0.168076 171.756 677
0.234438 137.71 148
-0.532496 228.464 617
-0.297895 186.074 196
0.476309 71.3429 621
0.289937 89.4568 287
0.822955 -33.615 522
0.262888 71.5285 814
0.724803 25.0831 401
-0.201207 136.903 598
-0.144319 143.722 99
0.814196 14.2707 686
0.235576 102.279 991
0.272144 80.7069 595
-0.275938 144.15 991
-0.513028 253.91 564
0.798277 60.947 714
0.165677 132.871 659
0.143579 128.645 1001
-0.0938435 164.716 423
0.141341 147.599 147
0.584271 53.2212 341
-0.139558 179.994 690
0.328064 94.1018 393
0.608224 29.2389 562
0.200309 117.075 245
1.27576 -115.016 565
-0.420849 178.717 661
-0.973264 287.453 306
0.71822 35.7137 692
-0.7433 211.724 707
0.343022 107.682 228
0.413524 130.509 1022
0.279823 143.561 692
-0.340596 199.62 140
0.274769 146.795 294
0.444626 126.291 707
1.59022 -20.4414 893
0.528911 112.514 631
-2.14248 417.602 685
-0.478511 181.304 207
0.524936 48.304 1009
0.30055 97.7811 84
1.36336 -91.0706 609
-0.628918 242.212 276
0.892893 32.6655 987
-2.52647 444.178 893
-1.49635 405.728 466
0.605602 59.4448 497
-1.44266 414.397 402
1.98189 -232 563
0.629831 99.0426 487
0.963699 -18.0434 557
-0.566322 204.405 237
-2.51022 585.593 457
-0.772343 261.039 947
-1.28961 319.344 488
-0.54586 170.782 192
1.35462 -72.5784 489
1.43787 -135.117 588
-0.868918 273.286 456
-0.196283 165.418 146
0.591 41.6131 488
0.921479 -0.320592 921
0.394353 110.081 990
0.662846 65.173 796
0.243431 99.1781 204
-0.240237 138.942 148
-0.772571 233.781 750
-0.186732 145.714 124
-0.195443 124.648 616
-0.399277 176.612 428
1.08564 -89.6577 300
-0.779521 244.88 738
0.747436 40.7209 956
0.345687 71.559 557
-0.348927 176.873 587
0.249369 99.2352 1018
-0.488397 204.734 341
-0.551871 247.41 530
-0.402597 217.325 587
-0.259677 186.043 641
-0.202838 171.556 238
-0.32215 200.553 783
0.10709 146.204 1
0.187838 126.703 555
-0.456353 240.62 530
-0.548881 228.772 399
1.3049 -10.8328 893
0.366757 83.1245 969
-0.167897 137.454 520
0.456718 72.0023 497
-1.26561 344.112 370
-0.586358 195.297 629
-2.06071 488.339 971
1.1842 -15.2625 846
-0.253167 178.982 139
1.1371 -35.663 339
-1.16939 389.97 373
-1.03534 311.478 847
0.463024 106.02 406
0.173562 161.99 245
0.487086 93.7045 488
-2.47008 588.913 800
-0.930132 248.608 988
1.45888 -58.6895 717
-2.61614 585.519 864
-2.35277 555.328 737
-0.450038 198.729 658
0.425478 72.2524 869
1.02187 -49.8971 562
-0.568938 218.803 361
0.356566 102.018 239
0.338038 120.079 487
-0.737719 271.828 593
-1.15942 312.419 553
-1.35012 353.898 393
-1.05074 292.407 585
-0.611855 212.349 241
0.773967 37.0127 651
-0.996829 240.13 781
1.47102 -104.901 267
-1.18451 311.119 965
-0.358845 198.742 552
-0.276055 186.357 630
-0.6061 268.159 555
0.543748 101.477 109
1.20343 -84.1453 524
0.796317 -25.0501 524
0.486291 50.3302 586
-0.213193 154.203 852
-0.558917 207.915 489
0.197041 88.7118 754
-0.251989 139.479 234
-0.175003 129.615 233
-0.591471 209.473 554
0.363972 62.8092 561
-0.783852 257.328 530
0.150816 96.4598 748
0.392871 64.6275 684
-0.18472 137.986 748
0.217867 76.4804 618
0.203694 92.7031 50
0.370926 115.612 114
0.706479 41.1714 432
0.261114 100.738 658
-0.289384 193.834 867
-0.372725 208.536 717
-0.117238 177.721 242
0.463105 65.1387 595
0.463989 75.6079 489
-0.0948732 158.587 45
0.172973 122.437 547
-0.199602 164.067 627
-0.325885 170.204 689
1.48964 -162.021 459
0.450209 49.9064 659
-0.410707 174.543 124
-0.543115 163.297 867
0.669388 20.216 424
1.99766 -99.2268 433
-0.357851 206.864 651
-0.64148 300.965 565
-0.272157 211.984 692
-0.323889 233.921 528
0.752452 41.6482 243
-0.169184 200.164 1017
-0.142047 196.58 661
-0.864341 323.844 800
0.372889 118.682 747
-0.315065 178.927 78
-0.415367 171.229 140
0.529663 81.0551 877
1.12065 -34.3959 406
-0.823704 272.64 594
-0.837693 273.414 424
-0.229812 172.535 148
0.602093 55.6069 310
0.51796 68.149 589
-0.430716 198.487 12
-0.752463 266.341 621
-0.666982 245.545 618
-2.08243 540.735 300
-1.67695 347.49 956
-0.380306 178.831 148
1.16105 -30.5384 236
-0.549955 275.267 554
0.906054 19.7147 738
-0.267968 195.923 981
-0.364697 200.243 60
-0.953969 316.957 458
0.423271 103.971 239
0.323926 89.1469 137
-0.383812 180.369 488
-0.80021 212.146 957
-0.260035 147.85 781
-0.119842 125.993 65
-0.965945 217.363 654
1.02215 -86.0894 492
-0.807588 240.396 300
0.96379 -74.5883 300
-0.310692 168.523 598
0.301682 61.9835 589
-0.180114 121.611 212
0.567698 47.0257 991
0.36355 37.5544 557
-0.383049 128.989 481
0.338246 103.876 446
-0.134573 155.36 678
0.213006 123.773 568
0.96093 -27.5274 800
-0.124093 154.764 108
0.245721 107.036 690
-0.412501 192.576 991
-0.135819 166.127 160
0.26933 93.6858 589
-0.175267 151.404 1016
0.406118 78.8169 461
-0.29562 164.664 880
-0.37067 156.277 182
-1.34017 366.733 307
-0.431802 164.055 119
0.25387 57.7042 808
-1.4356 337.059 393
0.842744 -23.8933 586
-3.06505 731.614 460
0.46483 105.431 943
-0.303994 219.21 493
0.450221 105.136 276
-0.174031 216.824 597
0.0909739 179.566 1020
0.1817 157.73 629
0.499731 113.57 901
0.188641 159.479 119
0.654586 54.8591 404
0.517866 86.5562 674
0.165499 154.655 50
0.236067 127.047 626
0.363558 122.403 119
1.47745 -93.2409 308
0.320642 114.319 524
-0.147088 185.356 388
-0.513808 242.788 684
0.456169 122.98 813
-0.387034 209.566 667
-0.671476 263.829 783
-0.165829 187.047 139
-0.724601 269.085 366
-0.394351 225.528 990
-0.410909 258.038 524
-0.624916 248.146 956
0.857889 84.2273 956
-0.925807 258.127 956
-0.273895 182.566 95
-0.928886 257.746 716
0.551563 43.3044 619
0.331922 74.4434 237
0.451408 64.6424 81
0.715636 56.322 75
1.72495 -123.737 786
-0.381876 162.758 298
-0.285374 138.561 235
-0.621905 193.427 931
-0.43017 162.018 424
-1.07688 308.874 467
-0.244156 150.24 237
-1.29244 342.676 268
-0.227411 132.069 743
-0.706631 218.715 267
-0.127048 104.755 52
0.521619 18.1842 860
1.21723 -96.5913 1003
1.21766 -92.6825 1003
1.26872 -97.4787 1003
1.27108 -97.9696 1003
1.30594 -101.739 1003
1.32222 -104.859 1003
1.56621 -133.764 1003
1.52882 -137.88 1003
1.44255 -129.519 1003
1.35709 -121.223 1003
1.46861 -129.011 1013
1.55434 -104.105 994
1.02148 -77.4411 1003
1.20026 -97.0977 1009
0.953539 -72.4876 1013
1.00601 -79.1809 1002
1.07985 -81.1416 1012
1.80353 -69.8709 1019
2.1928 -62.1026 1022
1.61914 -129.939 1012
1.81861 -160.548 1003
1.87503 -168.441 1003
1.97746 -182.977 1003
1.94496 -179.639 1003
1.92584 -173.303 1003
1.96894 -181.281 1003
1.92142 -172.87 1003
1.92201 -175.099 1003
1.93143 -175.548 1003
1.97663 -180.071 1005
1.73839 -157.515 1003
1.84059 -165.746 1003
1.72713 -144.539 1003
1.70646 -138.51 1003
1.69669 -137.906 1003
1.72842 -140.687 1003
1.69934 -136.776 1003
1.79215 -149.799 1003
1.81149 -155.534 1003
1.85867 -166.494 1003
1.83527 -161.094 1003
1.8635 -168.653 1003
1.8276 -161.781 1003
1.66966 -136.058 1003
1.6439 -134.571 1003
1.37205 -109.142 1003
1.25112 -97.6901 1003
1.148 -91.2608 1013
1.07195 -82.4155 1003
1.17378 -55.207 997
0.703322 -47.0492 1003
0.716247 -51.4717 1003
0.920167 -49.8985 997
1.32035 -96.6203 994
1.39065 -90.6246 997
0.998022 -90.4909 1002
0.93372 -81.0548 1003
1.02151 -95.635 1003
1.11697 -98.684 1003
1.15081 -107.366 1005
0.92517 -84.4151 1003
0.841888 -75.6881 1003
0.860626 -77.9734 1003
0.921467 -79.2363 1002
