8 64 64
-0.725446 113.561 410
-0.937711 193.3 24
0.140234 146.904 602
0.934234 13.0138 425
0.2325 142.236 404
-0.0845176 188.79 530
0.233373 145.252 150
0.147994 144.328 830
0.0458794 167.022 46
-0.0604912 178.194 104
-0.0972655 184.917 923
0.0633202 179.445 549
0.455373 113.215 409
0.0825586 162.111 415
0.431053 156.205 665
0.675926 153.495 79
0.509746 111.366 540
0.52511 100.556 857
-0.101128 169.493 968
-0.0877693 176.771 968
0.0830657 164.514 525
-0.0500196 184.205 152
0.19024 156.823 953
0.0837939 188.979 250
-0.106528 206.353 541
-0.538356 238.531 654
-0.882296 342.702 918
-0.349583 220.115 541
0.452239 165.477 195
0.320688 172.61 195
0.219273 177.704 195
0.671215 67.5887 44
0.854379 38.5459 45
-0.893872 237.59 977
0.774864 8.11718 748
0.842237 -26.4789 277
0.427511 20.4556 245
0.211926 33.1208 439
-0.0623831 76.2658 464
0.215665 31.9143 861
-0.481288 135.874 985
-0.132942 74.8121 540
-0.242213 107.747 978
-0.402044 95.3056 79
2.56291 -302.966 953
0.434559 108.659 657
0.681325 65.3873 464
-2.4447 599.68 604
0.408204 19.3603 563
0.229909 34.3614 685
-0.737796 104.745 881
1.52719 -200.859 458
-1.26707 270.649 922
0.61832 19.55 701
0.739253 52.8109 105
0.0713916 49.0055 534
0.234635 48.4246 80
0.30663 57.3437 258
0.203148 51.0044 993
-0.116278 89.1158 875
-0.42931 153.03 394
1.44742 -48.6132 713
-0.627452 235.847 903
-0.120749 195.961 869
-0.933818 190.295 383
-2.52226 405.597 303
0.0672053 160.553 389
-0.296951 204.259 177
-0.165091 207.152 42
-0.433436 244.845 953
0.0248657 172.181 88
-0.366961 233.994 39
0.117371 162.605 117
0.0641632 161.504 529
0.463262 140.503 781
0.810061 34.9543 5
-0.348505 195.812 299
0.0816047 169.115 742
-0.243001 212.799 738
-0.440022 215.042 80
-0.627824 283.761 583
-0.0885587 206.498 802
-0.689708 214.678 54
0.671395 101.11 534
0.298819 155.22 87
0.900079 20.1486 9
-0.254399 215.728 73
0.197132 174.264 87
-0.562613 210.624 51
-0.713211 211.36 53
-0.315421 229.971 100
-0.87361 208.405 53
0.636056 95.5194 856
-2.81158 667.773 406
2.05171 27.8334 52
1.43168 -54.9063 965
-0.851613 54.751 226
0.550346 -22.7287 342
0.302513 34.8609 820
-0.273497 71.3998 115
-0.768149 189.568 425
-0.0465974 70.3504 468
-0.365138 118.733 216
0.626425 25.084 621
-0.194225 92.8723 828
0.0811785 53.1244 823
0.0629247 51.7926 971
-0.169502 89.2563 978
-0.328278 118.687 738
-0.738311 234.836 922
-1.32867 211.914 665
-0.513866 162.859 977
-0.105293 62.6565 75
0.108297 55.0676 79
-0.297621 69.6681 116
0.069145 46.5998 124
-0.344267 70.6919 557
2.40006 -347.239 795
0.831031 -2.79548 821
0.0961657 46.2971 1016
-0.161817 66.7874 79
0.827066 -70.9324 67
0.052594 57.0589 657
1.13415 -117.194 456
1.28444 65.666 250
-1.78289 469.478 797
-3.29603 454.718 237
-0.528083 233.347 629
0.572015 -43.7144 64
-1.31795 236.052 351
0.368985 116.313 927
0.20814 147.488 461
-0.0565515 188.116 561
0.101594 161.184 1002
-0.185239 200.752 698
-0.0664679 179.294 896
-0.275382 211.71 376
-0.167447 191.21 132
0.374027 112.462 200
0.686853 65.7933 488
0.12467 168.226 934
0.0179781 171.731 73
0.112644 154.519 714
-0.116907 188.015 645
0.517472 89.0273 42
0.358787 123.308 439
0.379223 117.496 438
-0.193896 209.383 641
0.701625 94.0155 861
0.542186 98.0688 43
0.913374 24.2912 42
0.726597 57.3008 42
0.792722 42.7296 42
-0.466851 215.519 507
0.544306 100.326 861
0.458764 115.906 526
1.27948 -78.4049 787
1.54425 -107.456 1020
-0.526334 89.4903 540
-0.44324 80.8063 541
-0.340585 76.8608 541
0.20441 20.054 525
0.335484 37.1797 195
0.452064 34.3589 195
0.479988 -36.0071 1001
0.915661 -81.5553 1023
-0.644803 105.021 1005
1.03365 4.87253 195
0.352724 -2.89315 15
0.34097 4.49049 74
0.978907 3.44967 52
1.52584 -6.33394 47
1.85241 -9.79542 47
3.77583 -637.085 40
0.604966 40.7229 76
-0.113068 73.9762 799
0.20566 26.577 232
0.0741517 51.8543 964
-0.0522381 60.5061 866
0.0718754 44.485 164
-0.0432976 62.2577 745
0.789715 15.7657 253
-0.152219 83.3151 1001
0.131335 52.2305 252
0.231494 50.0344 557
0.379847 55.3197 475
0.222513 54.1474 321
0.0898545 51.8171 745
0.50987 33.1714 820
-0.765752 188.612 394
0.321252 122.945 15
1.28645 44.7756 193
1.1939 -112.05 96
1.37092 -125.12 699
-0.0789839 180.493 705
0.266779 127.589 650
-0.0438417 180.434 91
-0.307812 224.43 408
-0.0904019 177.474 350
0.0956537 164.1 53
-0.218504 197.253 344
0.226841 136.676 711
0.13506 165.927 47
-0.105116 172.188 289
-0.0354051 174.998 534
-0.0689517 179.218 90
-0.221922 205.816 494
-0.0609597 181.919 574
-0.0501892 178.311 534
0.187109 139.1 42
-0.217001 198.7 335
0.309345 128.855 861
0.194026 144.779 438
-0.270209 194.599 507
-0.0832444 188.314 91
-0.162193 190.368 540
-0.463108 196.266 507
-1.23374 234.255 966
-3.17566 188.499 252
0.796545 -30.2855 16
0.0776434 7.3828 76
-0.0409468 15.8766 91
0.0368666 3.72981 527
-0.0389199 13.6295 527
-0.193757 48.6985 97
0.738639 -88.9975 917
0.359001 -14.0713 856
0.14301 17.4706 869
0.237798 -28.0388 439
0.114813 3.84793 193
-0.0510003 16.8684 92
-0.0400406 11.6247 542
-0.535386 16.4226 140
0.333573 -3.64358 516
0.11686 -2.4101 908
0.219831 -30.3166 199
-0.0348022 7.84384 676
-0.0144282 4.23505 643
0.537246 -35.5985 592
-0.763481 140.823 856
-1.26917 285.663 10
0.425352 29.691 724
-0.244996 103.896 830
0.111174 39.9187 92
0.0823392 49.0503 91
0.590437 57.2622 85
1.05572 -111.463 67
0.0506127 55.1532 74
0.201911 21.3771 439
0.270126 6.63451 43
0.912252 3.18058 61
-1.75213 340.943 1023
0.577162 35.2219 969
-0.298323 124.675 415
1.2009 52.301 52
1.55157 51.4313 186
1.74363 -127.968 928
0.15977 138.435 666
-0.0993811 169.887 642
0.0403252 165.77 804
0.640487 65.9475 168
-1.46371 174.292 187
0.0538801 161.038 576
0.229214 156.443 417
-0.109431 176.086 238
-0.20864 177.398 286
0.219775 126.498 40
-0.0473276 172.941 541
-0.03327 171.142 971
-0.0779257 170.641 728
0.0777086 154.124 682
0.309388 154.044 127
0.129802 145.783 473
0.108881 159.277 155
0.163305 159.322 195
-0.0995754 176.956 541
0.209132 138.665 526
4.28302 -555.913 70
0.896428 3.8331 45
2.49104 -5.51543 51
2.14083 -2.92341 53
0.222967 5.36387 76
0.272825 -29.3829 431
-0.0421106 17.5553 669
0.165565 8.57975 105
0.680453 -93.2942 369
0.537004 -6.91683 507
0.7153 -54.1338 307
0.140998 5.60203 977
0.409422 34.4429 283
0.258809 53.5024 288
0.392 -22.9483 978
-0.436261 55.3819 502
0.0794825 5.5762 76
-0.372461 61.7031 326
-0.0545186 16.142 669
0.148764 -2.09838 824
0.419383 -50.332 990
-0.100496 26.3749 788
0.0736306 1.01517 1006
-0.0988461 8.89464 476
-0.208294 36.6734 200
0.171423 -6.83713 969
2.38127 -143.151 61
1.89898 -123.211 758
-0.426579 96.3142 799
0.825559 -1.50399 558
-0.221938 102.095 566
-0.289016 125.947 124
-1.01365 130.232 50
-1.34072 155.268 51
-1.64941 169.281 52
-1.82236 174.536 53
-1.1316 172.034 53
1.76868 -108.393 572
0.909325 140.299 507
-0.81647 183.098 363
-0.73813 225.11 763
0.261007 58.2124 252
-0.261306 83.7685 786
1.83993 -154.321 736
-0.113924 179.711 22
-0.0590696 168.672 694
0.511624 125.786 194
1.53967 -96.2123 66
0.0511909 158.592 770
0.115155 153.76 193
-0.251861 165.79 84
-0.190279 195.164 393
-0.156431 178.146 211
0.248383 157.831 320
0.0314939 159.852 434
0.337194 98.8715 1009
0.188502 137.256 45
0.16641 140.762 74
0.156379 149.906 608
-2.02883 293.347 628
-4.48258 886.785 7
2.5232 -9.82113 52
2.67482 -2.30545 53
4.98222 -7.40361 186
0.135667 -1.10541 719
-0.0170413 9.01511 125
0.0885213 0.293321 180
0.080376 -0.810561 539
0.496165 -18.8169 621
-0.248497 35.2994 270
0.0654066 7.18004 998
0.481449 -60.4003 370
1.54254 -188.474 571
-0.943674 244.188 43
0.202531 29.4494 641
0.462315 22.0314 507
0.461826 45.006 386
-0.200159 66.7021 226
0.0814418 56.2085 868
0.603913 -57.7243 978
0.542895 6.65523 836
-0.0324658 12.3667 700
-0.0797521 22.893 313
-0.521819 37.5278 320
1.25066 14.533 633
-0.0712943 23.5743 837
-0.152928 28.5279 1021
0.221753 -7.22834 843
2.28591 -4.49016 664
1.10923 -32.989 755
-0.922148 223.462 194
-2.82363 603.487 714
4.51743 -519.944 365
0.183011 55.3268 217
0.464641 12.2744 565
0.559489 61.2654 824
2.19016 -183.804 571
2.2485 -187.529 572
-0.22332 229.442 125
-0.47527 214.14 54
-0.330187 237.463 964
-0.303718 240.481 822
-1.57137 323.753 685
-0.350971 162.639 998
0.334953 57.0158 463
0.759217 -37.9835 161
-0.170402 71.8678 977
1.9158 -157.78 736
-0.196442 215.04 788
0.176479 153.957 968
0.279544 116.939 738
0.631846 46.546 98
1.61435 50.8079 53
2.19456 6.13646 52
3.52674 -3.28029 47
2.80193 42.6 47
1.36336 75.4324 52
1.20349 97.1439 53
0.856223 16.0383 101
0.71175 5.77839 573
-0.357926 217.84 43
-0.180422 184.754 129
0.185817 140.128 144
0.0635794 156.599 645
0.938617 -4.691 491
0.0651932 -3.96392 682
0.117503 -12.2928 7
0.0813669 4.99919 507
-0.104654 18.6511 820
0.048527 7.49341 641
0.295402 -27.8685 311
-0.025732 16.1864 72
0.522378 -18.3915 381
-0.231449 33.9205 143
0.672289 -94.5183 408
0.885444 -86.9378 374
0.790445 -35.6286 698
-0.380153 150.922 498
0.428487 40.3126 147
0.369846 33.1947 112
-0.123494 81.7107 63
0.165668 70.7611 86
0.385218 58.9038 507
-0.286458 113.103 100
0.762274 -45.203 801
1.36478 -37.7438 287
0.292024 -24.1115 370
-0.320828 53.8951 871
0.252029 2.64261 644
0.636574 -79.272 918
0.94843 -117.567 370
1.12766 -83.1702 540
-1.69874 350.319 129
0.827421 48.5188 657
2.84606 33.572 195
-2.23401 363.918 723
0.523685 30.7309 403
0.326447 36.2988 790
-2.09983 401.299 233
-0.795858 223.084 130
0.807824 45.481 530
0.335613 176.298 761
0.211908 186.014 566
-0.742212 250.389 966
1.26385 141.526 195
1.3326 138.796 195
-3.1052 739.482 918
1.81614 -228.225 830
-0.790274 135.54 181
1.18934 -29.2707 942
0.223458 1.11387 93
2.38024 -180.423 928
0.0983284 197.362 91
0.241034 167.232 97
-1.51333 396.333 703
0.687775 37.0894 740
0.636074 55.8589 545
-1.8742 348.575 953
1.24708 -187.234 699
-0.666047 223.503 43
1.8136 -262.354 605
0.60603 21.3556 408
1.05067 74.4406 589
0.193937 128.706 761
-0.379494 223.511 737
0.307097 118.451 133
0.529456 135.242 477
-0.0597584 177.55 950
0.616766 60.0951 523
1.05821 -2.88181 802
-0.0461536 17.3507 700
-0.565241 40.6836 774
-0.3735 35.8878 20
0.0891122 8.47451 131
0.654789 -5.40316 515
0.365273 -35.5354 165
0.649957 -92.8861 489
1.14764 -58.7772 852
0.700559 -66.047 698
0.445525 -22.9586 440
0.333448 74.4917 236
-0.165236 99.1213 924
0.620819 29.9606 838
0.526037 -13.5734 603
0.660075 -25.7054 918
-0.97911 274.957 42
-0.219021 103.389 51
0.0691687 89.4017 87
-1.91308 154.334 315
-0.413016 92.9386 729
0.882945 -26.5205 690
-0.164598 66.7714 1019
0.439408 -4.27296 273
-0.105941 66.4201 600
1.22964 -153.918 573
0.678752 11.3146 698
-0.100154 143.253 124
-0.266389 132.776 53
1.16883 -94.2601 978
0.887052 -1.16367 642
-0.777821 135.826 898
0.260778 18.9631 678
-0.546153 145.847 394
-0.195075 144.136 706
1.18874 -48.0452 795
0.511119 109.976 15
0.558882 92.6145 75
-1.77405 390.401 572
1.14045 62.5414 256
0.652089 -39.4157 44
0.308977 9.92083 15
0.831495 30.7501 257
0.203884 18.3289 698
-0.0377574 58.1103 787
-0.177316 64.6153 786
2.09873 -178.258 736
-0.971139 378.542 918
0.223768 172.34 859
-0.493978 259.237 798
-0.282611 146.005 696
0.277365 80.1243 738
-2.6445 504.237 553
-0.508358 136.807 810
0.119878 101.092 704
0.161776 109.977 228
0.36241 105.157 211
0.227694 106.706 503
0.0421698 146.741 447
0.119156 141.019 735
0.0265305 155.625 718
0.064906 148.859 530
0.155032 136.277 795
0.0329342 159.876 907
-0.953517 153.44 707
0.206842 -9.41534 174
-0.0309959 13.7682 98
-0.0616817 21.9965 834
-0.89613 61.8366 872
-0.202658 44.9431 708
0.0593181 12.3822 814
-0.399629 74.3549 431
0.254285 -0.997921 350
1.02458 -124.139 1
0.356203 43.5065 110
0.706884 48.7148 595
-0.184962 95.7248 363
0.404537 65.13 78
0.567996 60.8045 110
-0.0908663 124.396 46
-0.683632 139.292 315
0.213143 67.2933 682
-0.190517 110.214 226
1.40068 14.287 319
0.766686 -23.9658 307
0.469636 31.8388 157
-0.244365 57.8653 226
1.14217 -86.9464 342
0.410097 15.33 405
0.386555 57.8879 729
0.91254 -20.1954 927
0.305833 77.8615 650
-0.323396 173.928 306
0.507218 73.3368 396
2.04048 -201.314 955
0.877083 2.35712 836
0.577065 -65.3268 798
-0.834898 196.459 740
3.30454 -461.54 33
0.255514 83.708 125
-1.82433 393.267 572
-0.879176 216.684 572
0.504025 -38.8791 123
-0.415436 94.7309 977
1.05972 5.2851 257
-0.371828 95.4078 129
0.120795 34.7325 824
0.710967 6.90369 844
0.537186 -38.757 37
-0.112145 61.2164 786
1.7998 -150.609 736
0.0607168 159.031 600
-0.173087 168.971 665
-0.523203 172.394 80
-0.700595 265.147 604
-0.428141 141.77 110
1.13471 20.6227 319
-0.451708 122.999 201
0.117462 107.14 634
0.135635 112.281 956
-0.0382782 140.592 528
0.17267 115.417 860
0.10665 143.76 363
-0.0257735 161.217 684
0.235851 127.145 306
0.0258318 156.82 421
-0.132702 177.031 272
-0.146941 172.652 909
-1.95099 278.873 414
0.14036 6.69616 105
0.0878559 4.2689 173
-1.6616 25.0749 235
0.252242 -8.10506 175
0.0568576 11.7791 291
0.0322779 15.073 491
0.626955 -16.3568 688
0.406072 -41.1931 699
-0.344959 104.322 161
0.430637 -9.0502 699
1.0245 -117.353 605
-0.247116 99.1668 363
-1.10023 245.444 265
1.41703 -93.3711 584
0.107712 107.235 962
-0.646357 175.843 244
0.129375 92.0058 672
0.237972 96.458 81
0.130881 84.7777 491
0.641083 11.493 111
0.364416 30.3676 318
-0.368835 80.5165 871
0.291811 50.4358 153
0.286891 41.7546 560
0.209768 70.7781 948
0.187136 92.8579 470
0.318095 118.416 257
-0.918975 284.111 554
0.0661793 134.334 892
-0.74852 269.607 37
0.753869 30.0868 152
-0.257994 70.2634 835
0.772992 -50.7565 959
0.424491 61.64 47
0.553677 -33.577 44
0.354832 -4.17789 45
0.323792 -12.8102 16
0.123803 1.66754 267
0.726509 -120.334 573
0.296018 6.95112 181
0.158404 25.2577 333
0.521708 1.84902 995
-0.0660187 51.29 1005
0.419111 -13.932 959
-0.184825 67.7608 564
1.7504 -148.138 736
-0.28747 194.432 373
-0.356235 200.081 698
0.3307 91.218 161
0.334059 77.3799 161
-0.325538 118.837 331
-0.937159 196.807 368
-0.138816 58.534 322
0.432074 56.8666 634
-0.569743 205.649 325
0.111269 121.72 614
-0.0617728 147.823 810
0.478416 75.5808 895
0.448308 86.3227 199
-0.567175 160.91 891
-0.0813649 172.075 97
0.24134 126.379 959
-0.301299 208.638 826
-0.529104 193.509 717
-0.725413 121.726 634
0.227553 -27.8781 680
-0.0211921 13.3419 835
0.207325 -19.9308 730
-0.0456133 16.3196 706
-0.587651 99.4528 893
0.723218 -71.206 342
0.466977 21.2022 268
0.575708 -13.1541 102
0.104901 70.8038 421
-0.517918 188.445 796
-1.65943 170.164 316
0.168663 83.5307 363
0.5568 26.1392 703
-0.0721618 119.817 643
0.102679 86.6988 1002
0.277165 97.5518 283
0.812517 -26.0077 2
-1.0007 251.346 863
0.136533 58.3063 506
0.189062 46.5828 947
0.420868 17.7559 334
0.27499 47.5693 654
-0.486494 131.103 162
-0.156192 117.761 330
0.32306 81.9166 364
0.0529006 121.383 631
-0.745572 178.248 883
0.17177 120.362 382
-0.130622 155.526 502
-0.551479 224.425 680
0.677862 -6.98139 890
0.352765 0.629071 54
0.797199 -1.3644 53
0.147229 1.81418 76
-0.0359593 5.14679 871
0.209763 -30.9451 392
0.223808 1.82843 299
0.625815 -61.4115 102
0.167519 29.0688 333
0.103178 41.4574 966
0.306795 13.117 307
-0.347357 66.6391 591
0.795112 -82.6542 488
-0.0447338 50.1861 292
1.68869 -147.764 736
0.196997 134.914 155
0.601387 51.9762 161
-0.631921 179.879 333
-1.18581 295.558 572
-0.49259 130.242 181
0.128404 54.1008 1020
-1.23246 251.831 359
-0.688871 138.544 266
0.165687 115.953 491
-0.134395 147.19 988
0.380941 84.4995 571
-0.308199 168.414 319
0.133902 136.73 582
-0.288522 165.305 420
-0.117811 159.053 664
0.0495215 153.711 447
0.0382485 155.731 983
-0.138438 162.149 728
1.09325 1.75474 266
0.0254877 2.16369 122
0.0220542 7.01434 442
0.0225063 5.84624 30
0.0383783 8.92792 726
-1.11226 88.2497 883
0.353466 12.2273 331
0.270994 40.3321 363
-0.0840694 87.2933 529
-0.837518 204.815 265
-0.0735354 104.84 956
0.498858 41.6928 143
0.479278 23.0262 735
-0.430066 184.036 920
-0.267285 160.051 699
-1.203 115.136 139
0.906333 -30.6546 552
0.164403 105.956 870
1.35471 24.8946 319
0.331672 60.6451 225
-1.01344 142.564 752
1.61154 -179.498 392
0.348164 33.5673 682
0.891136 -42.8256 572
0.359142 88.1662 142
-0.604912 150.494 450
0.0742739 116.597 9
-0.278501 181.726 41
-0.326885 189.903 441
0.0960703 135.746 750
0.334516 124.519 147
0.884613 5.7061 345
0.262504 1.13452 105
-0.0920538 9.11573 60
0.0759519 -3.68757 240
-0.0173753 4.22458 53
0.0120918 4.02376 219
-0.170356 25.3396 362
0.44584 -32.1858 794
0.798089 -75.2566 895
-0.12278 67.6113 533
-0.591752 129.354 312
0.117476 33.1868 512
0.0800278 35.3458 387
-0.0781665 57.1491 799
1.59134 -125.958 160
-1.35005 254.929 334
0.389744 74.4421 155
-1.04554 255.336 572
0.102589 63.6818 600
-0.105599 75.5952 853
-0.203502 77.1092 205
-0.182809 69.3486 786
-0.557698 135.706 169
0.203981 112.568 523
0.906534 4.97086 197
0.0762579 138.429 323
0.0970329 134.417 122
0.364905 134.19 380
-0.0369536 162.612 705
-0.652986 257.973 327
0.0592775 151.352 453
-0.0373177 163.736 427
-0.0922614 158.278 250
0.690118 37.7263 169
0.258757 3.69997 105
0.302171 -7.71841 873
0.042552 2.77624 22
0.237662 -28.3247 231
-0.0909016 28.6432 97
0.510537 -10.0121 697
0.557451 3.86742 144
0.356864 26.5854 990
0.167249 60.6938 625
-0.276704 105.385 728
0.126833 65.1168 559
-0.245677 126.921 97
0.320968 64.2685 357
-0.333818 145.075 825
-0.0837197 100.41 0
-0.565243 195.1 920
-0.719741 221.775 454
-0.650272 154.965 717
0.135337 70.1122 506
0.189394 42.4911 929
-0.10156 110.115 403
0.292929 88.4558 110
-0.144234 143.047 1002
0.257813 105.148 142
0.296011 106.507 205
-0.225895 154.741 162
0.173193 104.148 7
0.376247 97.1405 277
0.0785109 141.37 1005
-0.360694 161.096 221
0.0309493 140.402 575
1.01712 -8.18658 234
0.0945816 -2.79518 884
0.0550014 0.494952 976
0.290489 -17.4391 654
1.07613 -159.722 505
-0.0848213 17.4601 169
0.147262 14.0304 809
-0.224738 85.857 407
0.860352 4.57614 159
0.214631 33.4111 163
0.0944455 28.0029 473
-0.516353 55.569 483
-0.087809 45.5429 131
1.00367 -78.6371 64
0.3539 59.5984 557
-0.439246 93.7947 61
-0.36143 91.2128 90
0.877853 22.5365 256
0.803499 7.41018 51
0.920328 -2.75615 51
0.853602 -4.2413 50
0.873578 -0.395254 549
0.126435 126.604 960
0.167971 122.615 956
-0.0398277 148.113 706
-0.357572 164.008 417
-0.45991 233.18 954
0.0625823 149.031 948
0.0423283 151.445 747
-0.0724637 160.292 674
-0.177392 170.374 147
-0.645373 258.056 488
0.574007 59.3379 201
1.48896 -37.9247 578
-0.210615 13.848 452
-0.0925023 21.1157 462
-0.135864 17.3253 58
-0.316386 44.8991 146
-0.481932 134.053 732
0.44154 59.9856 236
-0.612157 132.015 749
0.542797 36.1577 271
-0.101386 108.215 931
-0.382794 154.395 763
0.564152 70.8383 188
-0.084627 112.003 934
-0.217317 111.794 299
-0.139463 105.588 350
0.215318 80.9153 363
0.0885963 102.06 96
0.7314 0.663383 361
-0.322068 117.394 729
0.511823 43.7621 142
1.08074 -78.0664 553
-0.135616 124.005 738
0.331396 87.9522 301
0.257985 72.352 763
0.0552503 123.509 670
-0.630652 161.441 254
-0.298405 169.648 304
0.725907 38.2201 215
0.293976 112.717 436
-0.256408 185.334 460
-0.588718 247.019 521
1.15342 -14.0781 266
0.0672777 3.65645 218
1.20253 1.90399 664
-1.75919 353.832 473
1.30195 -76.6291 687
-0.107727 21.559 426
1.53781 -245.448 33
-0.368995 79.7843 339
0.671924 5.14735 510
-0.298266 61.8749 95
-0.364637 43.009 633
-0.238912 64.8438 271
-0.09647 56.3567 668
0.638492 -60.8928 128
0.309092 20.508 667
-0.725359 88.9697 50
-0.451042 52.6103 53
-0.598869 84.7721 722
-0.486314 27.3788 283
0.18584 -32.873 605
-0.0548549 17.531 859
0.622 -4.30799 581
0.55922 63.9316 357
0.128885 126.639 956
-0.165298 167.249 462
0.420283 84.7953 762
-0.189656 167.491 590
-0.177676 169.568 95
1.06231 10.5433 990
-0.118032 164.579 608
-0.240574 198.204 560
-0.552323 240.189 927
-0.227863 180.098 730
0.89872 -0.82946 266
0.130223 -6.60318 208
0.10048 -9.79168 650
0.296147 -32.9163 615
0.309169 7.5865 299
0.950484 -94.0223 762
0.515294 9.83432 503
-0.50728 152.595 245
1.03145 -65.8321 327
-1.3887 194.317 622
-0.13582 91.1548 196
0.416021 10.4997 699
0.482887 37.7143 990
0.197021 69.2193 930
-0.141767 105.402 750
1.24701 -153.705 605
0.406898 54.6008 603
-0.336163 138.776 48
-0.656582 226.566 763
-1.01617 150.037 780
0.224418 60.6431 530
1.39389 23.0677 621
0.715382 8.45266 200
-0.248872 171.013 12
-0.180485 128.713 252
-0.134569 146.337 958
-0.106261 151.863 499
0.0690359 128.246 948
-0.606786 234.183 184
0.281101 129.521 822
0.475939 117.632 880
-1.01915 141.965 924
0.432154 -23.282 813
0.651708 -75.8695 798
-0.769708 92.8661 117
0.430049 -21.6004 719
0.193633 -7.80236 884
-1.45416 255.015 70
-0.185257 50.6598 770
0.210836 -0.668298 10
0.966082 -127.048 38
0.20448 2.33674 40
0.0865878 31.1463 629
-0.372798 96.0706 493
0.644311 -37.2802 832
0.526406 -22.4228 401
-1.0008 248.602 573
0.46747 6.2204 155
0.401438 6.74827 601
-0.238431 53.5045 44
-0.271075 64.864 638
-0.359983 20.6766 289
0.0759266 6.54676 770
-1.07012 199.119 805
2.79602 -337.489 522
-0.0510698 152.616 72
0.476274 73.639 895
-0.377094 216.526 392
0.185466 149.332 412
0.0827896 152.721 597
-0.156989 182.506 755
-0.0685881 170.386 91
0.28549 113.562 329
-0.336466 147.453 314
0.954499 10.1674 298
0.0230582 6.31946 388
0.256928 -8.69784 621
0.218839 -4.4136 285
0.566561 1.22549 236
0.238721 50.9656 331
-0.230821 106.881 362
-0.426386 106.651 204
0.109194 79.1782 32
1.74736 -204.856 888
-1.3565 320.049 888
0.514521 53.8146 181
0.551883 69.2172 995
-0.594183 225.239 605
0.715795 -38.1004 604
0.28759 107.745 188
1.41832 115.419 267
0.36709 110.462 225
-0.443309 121.361 268
1.89011 -42.6146 944
-1.08981 261.218 233
-0.072277 115.207 640
-0.186009 131.938 541
0.434712 100.106 256
0.138599 110.74 54
-0.579831 183.544 240
0.266691 92.4716 535
0.220921 133.538 664
-0.572487 183.596 912
0.852662 138.327 106
0.628726 129.616 547
-0.98796 148.736 924
0.166642 -5.75072 786
0.692326 -97.2908 795
-0.764504 50.6975 80
-0.283744 53.3365 566
-0.239202 53.9998 46
-0.239794 71.544 821
-0.384266 118.45 39
-0.39614 119.576 34
0.209089 5.42905 407
0.0935993 30.4614 857
0.187206 7.34774 795
-0.251945 69.1202 132
0.284693 -15.718 128
-0.940849 191.322 370
0.60548 -88.7782 439
0.249816 4.05804 664
0.365018 -29.6949 404
-0.20291 48.483 526
0.416456 -14.4107 968
3.94315 -243.817 628
0.52075 -42.8582 799
-1.0514 189.818 620
0.096301 129.426 549
-0.102293 158.006 773
-0.0387689 155.432 313
0.146323 136.795 132
0.0283419 154.637 26
-0.0241382 160.115 956
-0.585756 246.407 585
0.219421 106.264 763
-0.437189 223.911 617
-0.188409 161.885 793
0.565844 40.8118 169
-0.277095 42.6776 164
0.139603 -13.381 432
0.449936 -15.3292 774
1.71459 -248.493 917
0.719603 -84.7168 605
0.446469 47.251 697
-0.597946 180.769 471
-1.02509 137.941 450
1.39164 35.7971 450
0.3101 68.2297 350
-0.217957 143.647 229
-0.368941 117.628 664
0.267607 80.134 963
1.02272 -87.1308 604
0.623463 26.3952 405
-0.0598908 132.972 527
-0.23043 128.555 331
-0.279947 121.495 602
1.54769 71.7208 170
-0.146498 107.911 394
0.109851 88.5993 63
0.387952 28.8668 440
-0.695486 212.831 233
-0.251483 154.58 740
0.0621389 120.163 970
0.215312 104.805 989
-0.0929842 143.809 330
0.127934 124.429 713
-0.05314 156.168 639
-0.18434 165.683 843
-1.01035 149.115 924
0.0700166 -6.79073 929
0.134207 -1.5536 741
-0.258843 47.2204 747
-0.527819 80.1786 719
0.0843761 40.6129 767
0.168219 36.0601 332
0.123903 31.7761 370
0.0421244 46.3321 977
0.132738 28.1619 407
-0.960064 216.259 37
0.179894 10.8411 407
0.0306748 36.1179 185
0.0614193 6.66401 75
0.0189585 5.48195 46
0.105037 2.63669 299
0.451049 -56.4691 917
0.358194 -27.0188 369
-0.12658 47.6501 868
1.516 -232.61 42
0.268109 11.3773 823
-0.671932 103.129 1021
1.00157 -3.61962 453
-0.0758943 143.152 313
-0.0842182 156.891 805
0.561866 66.3386 616
-0.169236 166.257 630
0.0721684 153.471 236
0.177168 140.151 271
-1.86777 458.021 424
0.043827 140.493 694
-0.274478 176.404 241
-0.198316 168.639 730
-1.07773 205.637 754
0.262416 5.6685 234
-0.0878924 15.3121 238
0.904742 -7.16251 172
-0.663693 101.298 719
-0.271374 126.291 537
0.609198 39.2553 271
-0.900392 129.712 547
-0.863066 222.449 677
0.116775 76.289 866
-0.25972 153.005 732
-0.875312 253.963 392
-0.188214 134.129 686
0.148474 76.4111 530
0.933038 -38.0891 917
-0.836955 154.734 516
-0.606783 214.966 279
0.203767 97.4594 738
-0.60886 215.651 763
0.944847 -55.1682 826
0.631772 27.3785 304
0.382997 66.0075 334
0.0929806 99.8783 854
0.730196 79.0705 444
0.275922 80.19 550
0.456674 42.7919 5
0.29752 85.1737 550
-0.0889665 142.45 674
0.395426 103.582 209
0.47346 63.5408 5
-0.499378 178.609 127
-1.04214 148.448 924
-0.0249232 7.83333 463
0.180087 -22.3045 797
0.22068 9.22154 570
0.0409044 41.4808 464
-0.171432 53.0309 258
0.173045 38.5532 211
0.0531999 53.6655 86
-0.0449513 64.684 669
-0.245854 91.5767 261
0.405073 42.8092 417
-0.530281 78.4699 412
-0.599566 72.2464 412
0.439399 -13.0716 939
-0.139433 36.2456 124
-0.472829 103.908 42
0.518178 -22.0309 693
0.182363 13.3988 608
-0.376374 95.3731 700
2.45733 -105.938 28
0.811317 -5.19818 624
-0.401488 99.0858 788
-0.91618 196.329 810
-0.0959029 144.286 313
-0.0597336 152.575 506
-0.482641 182.908 881
-0.0758531 169.019 669
0.259289 122.886 396
0.0290783 154.635 466
-0.584503 239.675 794
0.536875 110.261 690
-0.339373 187.543 246
-0.317927 173.905 132
-1.18249 204.032 717
-1.1694 262.59 763
0.266348 -34.1624 391
-0.382205 64.2495 569
-0.858918 188.982 161
-0.895507 223.048 583
-1.0544 265.078 985
0.219385 75.5175 729
0.175468 79.1245 330
0.620339 79.5722 314
0.871069 -21.3746 959
0.327246 68.4418 130
-0.233393 144.481 795
0.711416 62.3379 318
0.511807 34.0705 440
0.737841 -5.10777 604
-0.905289 195.436 913
0.622418 95.3641 319
-1.25533 151.771 221
0.124192 72.2573 686
0.294697 88.2912 110
0.110209 95.7097 982
0.869913 -26.7768 522
0.535652 99.1546 417
-0.0396981 131.176 531
-0.169304 151.973 526
-0.05123 137.229 500
0.175142 125.582 236
-0.0444727 144.765 907
0.0569522 135.352 768
0.105248 142.694 841
-1.06131 158.64 228
0.142956 3.33519 299
0.362895 6.25816 299
0.716956 -74.9706 553
0.828979 43.2298 891
0.166634 44.5462 236
-0.0293101 59.4851 464
0.0347093 50.7097 733
0.875013 -75.9679 262
0.0906305 43.5455 8
-0.181845 76.4416 193
0.134485 43.6009 738
0.112401 33.8729 394
0.166238 -5.82844 96
-0.0334655 32.4358 75
-0.792532 82.1635 781
-0.148711 40.1374 741
-0.892877 135.361 364
1.52914 -111.731 269
-0.733053 126.958 1015
-0.530123 136.867 965
0.507048 13.2153 495
-1.42881 316.546 505
-0.0938601 141.277 249
-0.222273 180.908 678
0.0403708 146.655 506
0.582013 62.6675 134
0.0606739 155.005 202
0.993584 150.289 235
-0.345047 206.276 730
0.405802 99.609 278
-0.682951 258.827 553
-0.224535 164.423 565
-0.675927 225.886 730
0.610437 9.51328 234
0.197066 -19.8019 677
1.0078 -47.7655 697
0.781589 -20.4119 102
-0.767864 258.189 605
-0.193052 111.686 896
-0.129408 102.961 556
-0.33317 137.61 565
0.0683387 83.7185 427
0.0957784 90.4894 30
0.607402 21.5119 583
-0.175657 119.754 759
0.363847 64.3884 405
0.424421 115.427 141
0.0810279 133.69 354
0.0903261 121.873 1019
-0.561767 162.021 595
-0.456019 204.59 763
-0.175709 113.991 126
0.230348 106.319 696
-0.598445 142.208 480
0.0636207 111.527 866
0.315302 88.6108 175
0.467131 74.647 308
1.59098 27.0885 851
-1.21131 337.511 36
0.255834 103.536 535
-0.128859 163.492 714
-0.279132 187.661 504
-0.572185 175.081 159
-1.15274 178.132 517
0.0645752 1.55597 631
0.367736 5.5925 236
-0.180839 71.3567 797
0.287011 19.9827 175
0.0527637 44.2426 30
0.826182 -81.3965 886
0.0615544 54.3846 86
0.796074 -73.9217 986
0.295425 43.9595 722
-0.110195 85.3769 859
0.351964 12.8029 740
0.114147 33.4034 738
0.313667 -18.8584 96
0.357824 -29.954 6
0.0710281 24.2065 770
-0.793386 144.522 462
-0.210456 47.2199 104
-1.66872 352.547 828
-0.6978 98.1122 791
-0.530844 173.011 678
-1.23664 188.011 239
-0.674814 119.923 249
-0.114515 143.457 249
0.121404 142.646 512
-0.629569 190.215 660
0.226323 119.513 261
0.156034 140.528 209
-0.0287709 161.628 463
0.36354 104.091 265
-0.0757501 164.894 667
-0.609039 173.414 379
-0.299721 180.82 730
-0.423079 131.435 760
-1.44062 205.905 729
0.694149 -37.6788 685
0.800379 -77.948 699
-0.762602 213.858 344
0.981276 27.7974 811
0.131704 73.8827 822
0.304764 42.4123 682
-0.397078 168.851 43
0.33379 66.1994 333
0.751522 4.37992 311
-0.0646621 117.648 531
0.468494 48.8729 677
-0.11198 133.667 330
0.546878 62.9329 165
-0.443415 168.575 29
-0.0700035 147.188 123
0.0601642 135.395 219
0.250681 79.2065 97
-0.154954 122.232 782
1.01967 -45.9101 927
-0.678298 202.088 247
0.286136 80.9397 793
0.400256 76.8695 372
0.290155 116.433 116
0.615428 53.0074 311
0.742812 32.6223 312
0.278614 111.417 273
-0.146818 161.438 899
0.146928 135.03 112
-0.0693681 151.064 771
0.933827 6.42111 249
0.393866 -61.7101 2
0.463011 -31.8 825
0.107011 24.2792 899
0.222383 16.473 793
0.0372935 47.9861 260
-0.427966 84.9717 19
0.0589594 55.4928 259
0.766847 -47.5157 399
0.336022 65.5085 299
1.54837 -119.04 990
0.925391 33.4073 578
-0.51927 86.1181 446
-0.170728 34.0659 410
-0.205667 58.1807 503
0.637431 -15.4774 693
-0.445038 100.242 898
-0.259294 53.7388 874
-0.511333 109.161 459
0.928763 9.35086 395
0.440368 54.5085 600
-1.37017 201.549 761
-0.769375 135.397 345
-0.127988 143.5 313
-0.0718426 161.109 607
-0.204734 153.572 172
-0.320662 191.273 274
0.0896592 139.112 796
-0.0691917 157.543 86
-0.0764296 164.921 915
-0.624104 253.955 392
0.0906475 141.615 394
-1.52078 372.919 488
0.242623 93.2075 362
0.601706 5.17162 266
0.709654 4.83247 299
-0.268415 114.221 687
0.264072 54.1678 7
0.159082 78.6218 868
1.14063 -56.3329 677
-0.109825 126.574 859
0.0852181 108.995 87
0.428141 91.9346 507
0.158563 100.203 541
-0.435508 174.031 989
1.31551 -83.4179 391
0.389242 76.6379 698
-0.0507891 146.839 626
-0.738557 186.64 349
0.14793 127.496 624
-1.46434 380.739 67
0.254038 96.3611 371
-0.686109 210.727 863
-0.0605824 108.461 249
-0.92862 171.824 849
-0.343904 182.977 951
0.624957 44.7808 182
0.337258 80.9958 374
-0.216818 151.158 225
0.106254 128.763 91
0.322598 143.186 288
0.15945 123.011 426
0.206516 124.467 729
-0.0353273 155.664 125
0.935359 7.59589 345
-0.0877064 21.6238 625
-0.266138 68.001 764
0.563784 -51.5011 826
-0.0953714 44.0126 474
0.278643 10.8946 503
0.527194 -25.3886 167
0.526876 25.0663 721
0.540149 -22.7617 200
-0.333543 106.959 362
-0.296665 154.186 126
0.551686 63.4063 298
-0.461967 128.644 762
0.283808 -10.7723 64
0.904372 -116.141 425
-0.0706406 36.3099 322
-0.269745 66.4086 104
0.426965 5.60808 835
0.906496 -9.7439 524
-0.375078 111.746 575
-0.516995 114.279 657
1.43765 -191.96 97
-0.449715 89.3525 523
-0.212946 142.213 695
0.578572 56.7323 895
-0.759771 160.725 139
-0.0833416 154.567 598
-0.439664 220.771 422
0.56351 65.5289 456
-0.0264692 162.632 733
0.0627987 144.259 799
0.109066 138.211 426
-0.404671 187.418 793
-0.404205 131.071 728
0.600344 4.75934 298
0.462975 -1.8148 485
0.432625 81.6688 236
0.331749 105.176 78
0.567144 87.6382 507
-1.75704 429.54 35
-0.102721 136.037 52
0.0619485 122.874 345
0.528751 95.9099 942
-0.270313 180.926 829
0.132865 114.986 394
-0.122625 136.466 569
0.0885489 126.578 756
0.880995 7.42022 103
0.415944 120.254 591
0.696759 106.899 318
-0.0939524 169.286 124
-1.64222 408.898 953
0.434861 25.4575 732
0.6975 52.8536 29
0.0456778 107.169 464
0.469636 57.2605 677
0.358489 67.4148 603
0.825678 87.0162 688
0.758379 31.6572 826
0.223975 122.978 374
-0.14652 181.085 830
-0.617829 249.731 953
0.0655224 144.822 32
-0.430831 168.886 451
0.261817 109.791 523
0.984651 0.287482 474
0.151086 1.56707 614
0.367756 -16.7392 436
0.21572 38.7603 172
0.0521922 48.0824 322
0.879964 -76.236 166
-0.399188 125.926 424
0.089332 57.5086 792
-0.264298 99.2639 362
0.303692 94.6571 694
-1.32192 237.883 502
0.550881 47.5913 613
0.309461 -14.1002 736
-0.162297 60.0503 405
0.189224 32.6217 78
-1.07505 70.1602 347
1.32292 -184.122 900
0.407818 -24.6582 701
-0.39375 92.2085 120
1.60971 13.0825 257
-0.93535 119.894 121
0.440071 -67.0639 830
1.02837 -20.8378 614
0.325536 135.257 204
-0.268787 159.795 448
0.667689 44.6874 359
-0.285393 165.824 254
0.0467583 151.78 421
0.270314 142.761 752
-0.30244 206.458 953
-0.418347 222.522 294
0.141997 128.802 738
1.27177 52.5171 319
0.681647 -3.9558 362
1.41737 -5.45836 696
-0.188228 120.826 687
0.392697 99.4506 110
0.739102 86.1754 849
0.449248 116.362 840
-0.385077 184.667 373
-0.559479 208.795 615
0.520721 100.411 349
0.771009 6.48598 887
0.0413524 132.859 835
1.10918 -25.1649 312
0.581338 109.819 148
0.345096 98.2101 682
-0.158035 188.727 125
0.738366 91.605 334
0.652338 109.127 539
0.49113 123.248 394
0.13382 93.6633 506
-0.116658 113.904 750
-0.124777 124.305 750
0.273955 74.3981 699
-0.24925 175.911 952
0.691115 39.8708 571
-0.177775 188.524 123
0.553382 132.586 839
0.144667 136.559 370
-0.164278 179.885 325
0.11351 137.751 13
-0.200451 187.572 961
0.280866 125.945 146
0.946888 -18.9642 556
-0.183699 34.7484 620
0.482517 12.5423 379
0.302833 5.05968 793
0.105543 35.5731 405
0.176796 26.2609 401
0.0477672 56.189 750
0.06941 51.1161 745
0.5022 -9.82477 680
-0.636678 208.115 662
1.20228 104.507 81
1.24815 22.2516 545
0.389399 -27.455 736
0.10044 17.8409 636
0.0587956 32.6919 447
-0.27193 55.0196 697
-0.156928 37.8725 566
-0.505328 113.51 715
0.649478 7.02827 387
1.20388 -2.97678 50
-1.15124 265.99 9
1.34643 -33.2764 225
-1.00716 122.198 234
0.466405 130.258 696
0.380836 128.249 147
-0.322498 163.093 222
0.1368 134.061 325
0.0697522 151.602 331
0.148588 146.438 333
-0.0550605 170.621 657
0.291023 136.792 723
0.156455 130.597 426
0.314649 91.0075 738
-1.52032 106.296 696
-0.593434 76.8302 330
0.307385 75.9733 697
-0.115598 131.106 266
-0.0868688 136.551 224
0.242174 93.0589 795
-0.753325 165.599 191
0.158772 121.588 205
-0.911045 192.137 883
0.708969 29.7757 423
0.22656 105.936 603
-0.081263 156.262 788
-0.0712237 154.086 710
-0.409317 216.43 426
-0.372005 194.776 82
0.42702 121.101 406
-0.340505 277.63 43
1.0204 96.137 330
1.0857 -64.8745 863
0.379724 70.7806 334
0.404654 74.4047 273
-0.350442 172.119 162
0.443272 132.861 117
1.50153 -72.188 572
0.816222 148.887 507
0.599724 76.6273 407
0.224953 162.444 642
0.195803 132.556 462
0.462207 98.0044 571
-0.0644588 172.108 192
-1.13612 346.039 521
1.19795 -45.9761 588
-0.171458 36.8888 890
0.142627 27.0725 89
0.96073 -1.83841 158
-0.095699 52.9728 79
0.204538 26.9476 436
0.0230221 59.022 463
0.479442 34.4731 905
-0.105944 80.6062 922
-0.703931 170.703 394
1.30941 -24.6434 917
1.70174 -76.1714 426
0.461837 -41.0639 736
0.124342 34.8898 218
-0.511233 103.698 165
-0.508263 97.1552 957
-0.490649 116.56 715
-0.130847 51.2079 533
-0.549923 112.629 826
-0.222559 40.9502 154
0.0901875 11.3679 645
-0.289705 61.1123 828
-0.97247 128.32 266
0.585592 76.6535 729
-0.352441 187.148 372
0.635538 43.6602 136
-0.726019 178.917 418
0.528912 122.476 752
0.0886005 148.136 401
-0.171336 182.126 206
0.208096 164.076 388
0.209136 135.845 274
0.260735 115.01 738
0.779532 2.38096 394
-0.416577 74.0407 313
0.549291 33.7265 602
-0.503208 208.765 650
-0.0540765 135.853 695
-0.327293 135.039 267
-0.594722 157.839 255
0.606311 40.8274 487
0.588605 101.515 876
1.89071 126.205 235
0.634372 40.9123 36
0.206832 112.311 952
-0.0378948 152.686 998
0.690991 116.452 444
-0.279978 194.725 394
-0.476745 294.526 732
-0.32739 224.352 78
-1.37205 222.613 331
0.958216 75.9919 379
0.143604 109.91 629
0.5789 59.3808 336
0.270218 132.297 110
-0.137428 180.146 738
0.871679 124.136 142
-0.0583965 221.422 156
-0.275625 234.963 21
0.350185 157.149 738
0.386902 155.538 115
0.577384 98.3037 894
-1.13673 369.303 33
0.763596 10.821 951
3.01758 -484.712 764
-0.300831 55.6762 523
0.308103 -5.52355 772
0.0394332 36.0423 956
0.439792 -15.887 151
-0.485223 121.008 297
-0.0329244 60.5056 292
0.0933193 53.5953 321
0.185879 57.9068 257
-0.542925 138.239 394
3.45622 -342.399 471
0.359969 155.119 922
0.382279 -28.3818 736
-0.133815 54.9831 393
-0.785004 82.1018 812
0.29141 -27.29 731
-0.163431 47.9737 21
0.161037 3.24718 951
0.851455 -109.25 651
-0.590085 47.3971 516
-0.341993 79.2181 953
-0.621159 121.482 921
0.947757 -11.9571 517
0.849924 44.6857 729
0.0695479 144.342 620
-0.420969 219.354 554
0.0793229 141.103 899
0.0649405 147.518 357
-0.110752 177.172 740
0.147919 160.801 448
0.0755476 166.18 252
-0.623652 203.263 878
0.206742 122.871 978
0.635996 52.6192 394
0.884252 -40.2074 131
4.93959 -655.175 134
0.449103 55.4683 407
0.85085 75.7584 943
0.371642 79.4198 344
0.156084 120.62 723
0.23814 103.873 339
0.0620862 123.961 447
-0.261128 144.742 115
0.277761 83.649 950
0.0961732 136.984 543
-0.0606778 153.85 934
0.376555 144.441 289
0.423718 128.093 479
-0.682816 261.926 540
-1.67978 455.344 572
-1.38643 380.609 699
0.326077 90.8212 268
0.63005 35.317 471
0.334788 94.5601 436
-0.734361 201.225 811
-0.681897 239.147 210
-0.691578 262.238 540
-0.75571 279.38 540
-1.07577 394.886 918
-1.04112 290.395 181
0.344762 142.516 722
0.205014 177.139 268
0.147199 164.62 371
-0.328485 189.733 395
1.29656 -74.6993 684
-0.0587917 10.5458 372
-0.326342 47.2755 152
-0.305849 56.0581 476
0.203688 25.5282 149
-0.574026 149.726 737
0.0498089 50.0391 776
0.722812 -66.2692 522
0.150068 48.6896 180
-0.0858584 79.5189 901
-0.613801 186.767 491
0.28586 171.717 525
0.396027 -30.4308 736
-0.284759 80.8207 828
0.745371 -92.2893 887
-0.103843 39.2965 601
-0.300197 61.6252 29
0.62581 -75.1719 888
0.567606 1.89331 317
-0.194596 60.2337 984
-1.33516 37.3948 170
0.238782 3.44354 111
-0.769389 130.718 249
0.487235 107.373 363
-0.235878 202.566 763
0.0906762 142.616 786
0.492909 75.2862 294
0.0503869 150.827 0
-0.605434 265.666 737
0.151334 160.726 448
-0.275777 208.243 297
-0.0728312 176.909 470
-0.200837 179.121 29
0.361239 106.125 738
-0.799969 124.309 196
1.96729 -132.986 729
0.194648 135.095 576
-0.128439 157.139 447
0.127529 127.868 822
0.0532123 131.702 701
0.0613025 128.034 669
0.159163 128.881 225
0.0734756 125.833 1008
-0.0633823 145.164 62
0.268682 117.125 303
-0.432484 211.151 493
0.421317 68.9995 42
-1.07821 331.698 490
-0.156947 167.555 351
1.04523 -9.57877 566
7.23855 -981.625 679
-0.420894 119.845 79
-0.522558 140.96 578
0.3124 93.6014 498
-0.465347 184.263 318
0.229075 113.86 472
0.197234 126.884 862
-0.301246 206.442 370
-0.112014 174.874 92
-0.0992012 158.916 356
-0.612305 259.214 958
0.24602 170.183 697
0.178125 172.485 266
-0.715167 258.47 368
-1.0529 144.774 570
-0.0490168 8.86012 149
-0.0184355 6.8231 1019
-0.486075 89.2821 383
0.125249 36.9828 757
-0.32397 86.0953 145
-0.486933 70.228 417
0.155262 28.0645 929
0.438103 -12.3529 650
0.0464684 57.5299 324
-0.539311 151.593 922
-0.615292 181.888 923
0.455025 -33.2079 928
-0.272071 88.355 603
-0.691755 68.8127 481
0.420663 -16.7438 400
-0.358993 103.694 585
-0.122068 48.6788 761
0.176898 21.1301 350
-0.762182 161.858 521
-0.0725174 43.7634 788
-0.218897 62.7473 401
-0.652386 113.934 313
0.259723 110.211 421
-0.383256 201.069 793
-0.32081 171.217 692
-0.351948 164.789 223
0.268594 114.258 471
-0.210525 165.701 420
-0.117562 187.432 499
0.0612999 156.122 949
0.183298 139.873 550
0.0452338 159.849 978
0.271518 123.341 955
-1.52272 250.403 382
0.919354 -13.7402 453
0.158993 130.955 492
-0.0685347 154.737 609
0.448396 82.3332 428
-0.318966 191.725 264
0.233687 100.564 441
-1.14447 312.776 231
-0.606843 235.704 829
-0.221196 152.788 1004
-0.381617 149.043 803
-2.24446 285.929 61
2.98946 -360.752 71
0.378044 124.459 1005
-4.13312 813.676 231
-2.2855 192.912 50
-0.963378 207.759 16
0.873197 -31.1525 9
-0.367483 180.345 73
-2.58427 519.238 369
0.842702 3.42581 72
-0.511456 149.654 87
-1.14647 327.927 9
0.951088 -9.42744 961
0.297216 134.86 48
0.803476 31.3481 927
0.09243 161.326 726
-0.105128 197.413 823
-0.524364 219.163 142
-1.12093 236.931 685
-0.946558 145.836 602
0.0636519 2.85393 354
0.322144 -5.0073 116
-0.262128 53.1347 523
-0.3256 53.3457 802
-0.417672 52.1942 227
0.126828 34.6977 470
0.558323 -32.5634 359
-0.0787704 60.6719 117
-0.0690596 70.6357 93
0.182032 44.2036 61
-0.982894 230.348 955
0.535307 -42.3101 928
-0.255335 49.5775 256
0.0862219 30.0283 1001
0.0480479 35.9752 500
0.0687288 35.8328 600
-2.53435 42.4975 187
-0.120241 55.9428 738
0.125342 23.455 394
0.327593 27.3355 282
0.29886 10.6164 818
0.616432 12.6071 581
0.715155 50.3519 729
0.333282 95.8592 681
0.286377 140.78 513
-0.0488587 154.083 89
0.284784 107.797 585
0.112566 140.299 828
-0.239764 203.97 409
-0.375978 231.522 36
-0.0392345 170.567 131
-0.283106 180.216 190
0.136182 148.976 863
-2.04987 290.098 414
0.499925 -3.01016 549
1.06627 -86.1517 763
0.0561482 139.211 125
-0.532032 232.577 572
0.278468 123.688 194
-0.105334 151.055 663
0.498203 74.1847 494
-0.212037 178.777 99
3.74291 -277.319 162
2.57634 3.04139 252
-1.17691 200.335 126
-1.80474 158.795 803
-1.87779 488.847 7
0.337826 139.268 599
0.450558 165.041 156
-0.30063 198.113 75
-2.40992 588.708 795
1.87161 105.742 346
-1.78342 269.842 939
1.35506 -49.9028 1004
1.39961 -84.247 729
-0.329095 121.568 558
0.205844 94.2253 666
-0.163522 155.528 394
0.195567 118.901 795
0.432199 89.8897 472
0.210264 135.173 439
-0.321159 171.32 664
0.558653 120.73 791
0.859085 -2.78509 234
0.225508 4.55185 218
-2.23443 401.935 35
0.166913 10.7604 542
-0.171101 56.2741 901
0.261991 -3.7966 472
0.366392 25.9056 17
0.772589 -0.342101 850
-0.039616 58.5129 435
-0.208591 85.4862 865
0.413105 -4.45072 344
-0.344357 106.803 583
0.498975 -33.3336 928
0.0664342 37.1554 787
0.353265 29.62 450
0.124823 26.3293 162
-0.259362 59.6517 144
0.489376 -0.337034 413
-0.308719 54.4001 163
-0.334694 68.9928 241
-0.0687158 39.9017 777
0.18794 17.067 877
0.34927 -26.5356 65
0.973361 11.5901 761
0.663489 128.672 352
-0.245974 173.065 238
-0.301118 168.087 653
0.898781 5.1487 424
0.673656 151.668 170
0.122121 158.239 250
-0.31049 212.974 647
0.172695 140.738 232
0.147113 159.715 444
0.320434 152.256 380
0.532437 91.8423 345
2.12919 -52.2412 578
0.631117 22.8947 634
0.170585 117.697 767
0.106228 129.484 868
-0.148179 165.219 124
0.374327 141.998 252
0.451271 151.277 252
-2.21118 182.411 250
1.67227 -108.706 854
-2.68194 201.419 78
1.69057 21.6904 156
-1.79155 246.654 719
-0.209592 163.641 802
-0.257614 202.346 407
-0.20869 194.164 569
-0.124129 212.806 447
0.130498 159.428 977
-0.880566 281.443 625
2.09654 -71.9348 208
-0.944591 310.443 755
-0.938942 171.807 576
-0.245147 108.936 968
-0.865542 256.403 920
0.497094 102.262 110
0.386611 135.465 141
0.302543 151.526 157
0.0925045 152.824 23
1.60882 146.715 267
1.25769 -64.5206 683
1.12183 -50.225 620
0.636094 -33.4844 685
-0.376047 107.191 129
0.119262 30.5844 91
0.247276 -3.5617 978
0.150436 24.9194 931
-0.0889512 56.6351 1020
0.200506 35.767 479
0.10769 37.2514 961
-0.346163 84.1625 996
-0.191983 89.8196 523
0.471345 22.718 623
0.563077 -35.3066 64
-0.165182 73.9421 929
-0.0654557 48.0335 468
-0.656891 137.249 103
-0.0335033 35.3046 1011
0.0606348 26.2087 966
0.187552 5.32452 325
-0.109095 52.7607 499
0.0998065 22.3621 723
0.114196 7.684 407
-0.154383 28.9045 728
1.11714 -14.5103 832
-0.0850729 164.599 435
0.154244 123.6 683
-0.021836 150.593 575
0.266396 116.195 183
-0.101448 161.542 725
0.131328 142.608 761
-0.450348 194.372 910
0.184605 142.125 503
-0.181116 195.787 762
0.0362247 166.132 196
0.0381197 166.116 345
-1.45296 241.042 382
0.93887 -51.3148 661
0.663512 33.53 471
0.260743 140.679 443
0.587558 126.207 839
0.371385 92.0162 829
-0.18426 200.015 978
-0.334325 201.713 545
-12.3003 1930.4 833
-2.40321 314.03 181
-0.691509 128.583 104
-0.733701 135.49 105
0.592238 60.2676 894
0.486586 70.6543 730
-0.224455 202.841 217
-0.0966447 210.133 268
-1.19808 189.739 218
2.60919 -240.623 958
0.488769 70.4269 383
0.34005 92.0101 120
0.847359 42.8383 185
0.174163 36.7935 22
-0.474065 146.359 738
-0.253636 159.694 738
-0.149237 175.291 799
-0.0901423 168.727 856
1.18091 77.8357 884
0.685489 110.267 885
-1.07701 286.98 729
-1.31659 134.782 363
-0.386151 63.5308 569
1.11373 -93.6396 990
-0.588413 180.714 43
0.485492 44.6673 79
0.466819 -1.85225 540
0.184198 32.6658 702
0.153873 40.9217 542
0.176989 38.8223 543
0.957482 46.4489 170
-0.201985 80.3947 335
0.113705 53.1344 48
0.963396 -71.9896 64
-0.384025 105.348 899
-1.07407 206.432 200
-0.0874529 35.2578 630
0.907909 -125.967 954
-0.0323113 33.0221 875
-0.397589 36.0165 77
0.0925918 17.2508 867
-0.0913886 39.2196 118
-0.163381 39.1181 507
-0.160744 31.6447 792
1.55719 -71.8445 832
0.0431869 157.661 219
-0.274714 191.007 735
-1.0953 331.569 457
0.210514 117.2 762
0.257947 114.727 471
0.691769 45.8778 456
-0.212031 208.833 951
0.0610896 165.5 485
0.0273257 166.056 716
0.0922054 165.991 792
0.208052 164.401 416
1.48442 -79.6042 426
-0.334024 87.8266 523
-1.27915 169.541 545
-0.470618 213.67 409
2.06468 -211.177 34
-0.112776 159.139 641
-0.883576 290.428 985
-1.3584 366.959 370
-2.31695 290.159 300
0.396274 15.4896 956
1.69245 -128.846 540
-0.666192 170.675 563
0.960285 -5.11107 959
-0.140049 157.082 281
-0.242665 203.521 934
0.206763 160.554 718
-4.09861 695.539 183
0.621509 35.8174 32
0.476821 40.0422 670
0.995294 7.72821 673
-1.00725 223.557 592
1.58522 40.2319 79
1.62262 -83.7592 334
-0.240842 147.084 687
0.0988227 128.487 599
1.04895 72.8109 915
1.45626 144.815 283
0.208578 181.607 70
0.594127 99.9294 687
0.781222 -44.6043 687
1.06859 -44.6205 697
-0.576406 145.322 193
-0.438199 122.358 50
0.616764 32.1959 540
0.580758 70.2432 79
0.707375 1.04785 540
-0.456586 154.56 1002
0.763932 15.8525 629
0.639973 59.3684 642
0.104451 39.3655 535
-0.204015 68.8482 786
1.09472 -77.697 928
0.628431 39.8247 545
-0.371039 90.63 436
0.728049 -15.7349 413
-0.0778597 29.9683 598
0.136563 5.45355 713
0.23784 4.21017 304
-0.12432 52.9003 829
0.23963 11.9119 61
0.0701666 21.9164 963
0.282883 4.32965 624
-1.03297 143.405 234
-0.0618688 163.237 524
-0.311732 189.11 793
0.26759 104.378 200
0.0643954 144.113 387
0.0269277 148.207 228
0.0416404 155.926 86
-0.0926096 174.358 394
0.0466811 165.836 485
-0.0300332 170.852 640
0.418081 100.889 553
-0.0235403 173.102 421
-0.288572 181.698 906
1.13004 30.408 474
-1.02776 206.6 855
-1.08077 235.495 856
0.563793 47.8299 525
-0.78849 274.223 918
-1.58665 382.967 370
-0.848086 258.467 93
-1.6687 153.015 226
1.13679 -36.54 541
1.61163 -94.7487 405
-0.583764 193.348 549
0.886055 49.1962 237
-2.00092 481.625 920
1.12347 140.362 448
0.93531 25.6998 778
0.543727 70.1461 804
-2.26909 172.406 283
0.813645 2.82432 793
-0.345366 185.334 441
0.675093 53.262 503
-0.0976995 177.635 898
-0.31941 176.056 54
-0.489926 242.309 438
0.152022 135.715 532
-0.260658 191.678 394
-0.463567 212.936 82
0.462161 127.269 747
-1.23611 148.812 299
0.906289 7.76235 299
-1.12969 247.266 161
0.816656 -10.6747 572
0.66481 21.079 572
0.705086 34.2767 990
0.456167 85.1853 540
-1.08732 344.78 43
0.804613 52.1241 540
0.435074 95.7598 541
-0.91237 177.097 387
0.83931 13.9085 968
0.46617 24.9125 843
1.01984 -71.8581 928
0.277461 56.2979 801
0.557093 23.0781 545
-0.650597 128.745 391
-0.801806 90.8088 995
0.214363 6.33128 564
-0.0767934 36.4388 351
-0.111688 34.0341 290
1.02693 -144.086 457
-0.133607 31.951 290
-0.0407442 31.2025 464
1.03731 -7.00058 453
0.161029 138.468 492
-0.521178 232.413 703
-0.166699 152.118 320
-0.0988665 158.832 1022
0.551437 52.3837 37
-0.0628578 156.032 642
-0.0707988 169.225 662
-0.0460926 171.294 383
-0.188095 174.312 320
0.0873403 166.891 803
0.184949 145.221 711
0.568961 80.5288 264
1.24416 7.34964 234
0.702189 -84.6854 990
0.378645 7.83913 557
0.72897 -25.5368 592
-0.688012 150.445 856
0.311534 34.6304 74
-1.93682 453.991 407
-0.964918 163.328 578
0.481538 61.9606 635
0.320914 127.837 121
0.349435 113.764 281
0.201401 92.98 718
0.944124 66.6535 350
-0.165187 205.851 281
-1.73214 217.157 331
1.65815 -169.187 794
-0.230999 109.663 196
0.300363 61.6605 661
0.388902 52.2173 798
0.747721 35.1364 826
0.148827 135.754 788
0.0532954 161.952 74
-1.66453 341.479 273
0.285138 112.598 761
-0.0525294 164.973 868
-0.399434 209.743 540
-0.570761 181.875 268
-1.20208 135.395 331
2.14611 -343.561 699
0.778581 14.8072 102
0.50681 56.7373 572
0.577584 53.9254 572
0.644364 49.8909 572
0.290315 131.188 539
0.379401 119.735 698
0.345829 172.654 665
-0.777461 337.141 42
-1.49503 273.433 906
-0.956443 219.676 835
0.796922 -32.3159 901
1.40772 -109.873 64
0.943425 -93.7741 950
0.509072 29.9559 738
0.493901 18.6507 545
-0.619811 134.634 650
0.310292 -10.7311 365
0.745887 -79.3628 294
-0.0526473 40.429 30
0.677858 -19.6306 691
-0.391151 48.5784 316
0.0749022 12.1619 700
-0.774183 127.332 217
-0.227811 175.822 789
-0.101521 162.094 395
0.233302 116.105 310
-0.0529331 147.906 322
0.108678 122.054 1010
1.09688 -24.9621 488
-0.0466463 162.517 491
0.133111 149.375 793
-0.0276978 172.875 701
0.0271092 167.038 701
-0.465707 247.135 1
-0.0450524 168.627 707
1.17856 -32.9281 652
0.0899382 31.0971 118
-0.229153 64.6743 192
-0.425056 124.584 43
-0.448754 125.434 438
-0.500103 133.83 439
0.727986 9.43522 508
-1.46326 359.332 407
-0.378459 142.398 545
-0.252323 162.219 545
0.809264 114.311 791
1.21437 -38.0975 647
-0.567974 226.628 773
-0.283568 218.295 626
0.865579 1.86303 563
1.72691 -200.089 953
-0.238895 120.514 931
-0.795033 225.944 681
-0.464731 164.838 351
0.105368 136.798 599
-0.789336 211.847 976
-0.955626 235.893 977
1.04703 -3.46728 729
0.198922 118.158 560
-0.0388738 155.241 971
-0.521568 222.953 374
-1.56257 235.751 722
-1.82918 88.1636 283
-0.951501 193.515 687
-0.200558 159.139 162
0.437908 67.9135 573
-0.100469 174.48 63
0.280688 145.51 113
0.415439 113.987 571
0.410807 128.686 698
0.565657 87.8583 605
0.401097 145.495 375
-0.156083 212.626 256
1.18669 2.26092 137
2.16288 -269.452 374
1.38487 -112.195 736
-0.515085 150.071 742
0.258633 60.2128 694
-1.72242 329.145 471
-1.41629 269.144 553
-0.708982 74.9526 880
-0.183726 61.8266 705
0.114331 31.3057 835
-0.419255 100.35 66
1.17509 -51.6084 850
-0.730513 140.578 359
0.929685 -1.89638 549
-0.268841 182.401 834
0.673848 49.8567 550
-0.1425 156.325 997
0.0845408 128.182 965
0.0878968 124.663 980
-0.0507937 151.213 169
-0.0662899 168.821 537
0.289768 118.08 603
-0.168589 197.532 828
0.0622723 165.971 387
0.922133 14.1875 425
0.0478748 160.137 217
-1.22291 175.974 395
0.461955 -16.2917 342
0.135616 42.7765 268
-0.219283 91.2724 952
0.834599 22.9061 775
-0.284103 108.299 861
-0.251096 115.053 42
0.17509 44.6431 541
0.429673 47.0814 559
-0.726717 187.18 541
0.583951 67.8157 435
-2.9067 639.739 888
0.522611 89.9195 718
1.27385 12.4785 741
-0.102651 66.9342 799
-0.206359 85.339 801
-0.630657 193.228 978
0.262731 63.5252 73
0.401327 56.5996 73
1.68291 54.2255 51
0.99784 53.6839 601
0.401653 4.91383 869
1.69356 -109.437 1016
0.420398 84.6606 525
1.17905 -30.2463 526
0.923802 -75.5856 123
0.571262 3.99042 46
-0.218955 17.0936 95
1.35764 -65.387 602
0.203806 108.463 573
0.332595 99.0081 699
0.110588 161.31 540
0.170399 166.383 112
0.362373 119.899 573
-0.206207 234.799 129
0.27067 153.914 605
-0.360817 272.897 36
0.150964 190.517 679
-1.42611 245.909 453
1.53098 -140.994 703
1.37295 -112.074 736
0.114267 110.733 569
0.33225 53.6107 733
0.765812 56.2389 612
0.647904 24.6012 545
0.22978 21.6951 578
0.0708154 14.4792 787
-1.34871 212.664 339
-1.68943 318.096 953
0.324065 18.7251 613
-0.705044 131.846 390
0.720577 1.94008 581
-0.66075 187.484 630
-0.671563 260.161 408
-0.351298 189.521 437
0.213688 120.89 915
0.250312 107.214 698
0.0484147 145.828 324
-0.116324 168.768 362
-0.146867 178.523 225
0.0157178 170.158 575
0.103661 159.345 207
0.090744 160.024 832
-0.469664 239.732 730
-0.876291 162.924 924
0.347204 -15.2805 604
0.0444042 53.1712 322
0.02862 57.4667 924
0.0761424 60.6282 321
-0.0566835 75.3345 797
0.296837 19.4122 472
0.0463387 68.3092 694
0.138005 49.2195 797
0.282086 19.6469 473
-0.622604 190.196 403
1.28155 98.7999 236
-2.44649 209.1 282
1.09884 -11.4242 626
-0.0612761 59.1593 569
0.0467488 52.2182 96
0.181988 51.3201 722
-0.138502 89.9118 795
0.248663 24.3258 369
0.361388 44.3058 589
0.485138 19.8269 212
-0.960472 126.437 906
0.419463 0.882566 802
-0.519738 124.353 770
-3.24681 374.976 241
0.0974951 2.31227 76
0.0693941 -9.15321 682
-0.213222 39.9982 587
1.08601 -5.27368 832
0.235359 119.567 698
0.377616 135.621 697
0.261763 158.029 539
-0.0693621 193.302 126
0.445754 102.516 605
0.216557 180.573 793
0.297889 169.651 863
-0.0995741 233.038 949
-0.103214 227.627 550
-1.22541 241.987 517
1.81996 -271.928 605
1.45256 -107.942 960
-2.27818 128.091 252
1.32893 -56.7126 126
1.08832 -48.2564 742
-0.995175 170.451 971
-0.71273 131.702 525
0.334714 -15.7779 274
-0.834665 160.37 426
0.382393 51.2835 612
-1.86198 339.751 953
0.428965 0.29074 910
-0.456087 48.6474 60
-0.831991 165.092 556
-0.154496 163.212 686
-0.50645 150.225 514
0.377677 114.071 909
-0.490776 223.473 328
0.129648 131.383 462
0.326702 104.922 730
-0.448947 233.877 329
0.241235 132.838 97
0.251968 130.087 422
0.157776 144.793 65
0.0855058 151.746 930
-0.754111 169.177 707
0.419187 -10.2348 648
0.145174 53.5705 157
0.0516396 53.8025 30
0.27089 28.9103 367
-0.093239 72.7734 193
0.281304 19.6627 406
-0.485349 89.87 514
0.645943 37.1477 413
-0.171937 76.7549 892
0.423985 41.8015 768
1.19167 -55.0915 699
-1.40876 327.995 269
1.08041 -8.34813 658
0.177158 30.5401 929
0.0732897 54.7207 854
0.268678 26.7887 571
0.387192 45.6152 722
0.566344 25.5446 540
0.460142 35.8254 541
0.249285 66.3245 836
-0.299443 115.239 494
-1.71907 173.888 759
-3.31272 379.139 685
0.165481 -8.11014 821
-0.0236758 6.51513 599
0.141534 -14.9726 430
-0.0615067 14.0354 772
-0.954347 155.336 234
0.121422 155.123 792
1.37701 -30.5399 826
0.288848 131.867 402
-0.247637 203.062 966
0.654134 87.2613 953
-0.0915907 213.657 394
0.294287 165.39 861
-0.1216 219.027 758
0.0410357 206.362 800
1.0232 28.4361 810
-0.313423 152.965 790
-0.143443 38.341 123
0.349255 -1.05812 79
0.296432 -7.22945 508
-0.0746325 14.935 961
2.54554 -157.251 693
-1.11746 199.264 534
-1.38525 294.304 10
-0.916194 164.783 1017
0.586041 -17.4693 661
0.429452 61.9973 642
0.34235 18.3626 545
-0.0643491 29.4545 924
-1.05868 145.202 234
-0.23303 182.177 731
0.199527 118.327 269
-0.0383026 142.898 94
0.500568 69.5445 230
0.0962496 148.303 475
-0.044434 160.576 687
-0.134713 181.895 934
0.214761 153.126 426
-0.887592 305.32 423
0.0220388 164.981 464
-0.176589 188.221 305
0.746664 55.4259 217
-0.261917 94.8877 952
0.395906 9.50686 214
0.242965 23.6925 494
-0.135287 86.6908 933
0.191455 55.3252 915
0.447774 18.9425 373
-0.0284074 78.732 956
-0.165109 100.535 566
-0.340915 123.699 63
-0.487213 165.126 569
-1.22974 405.014 796
1.29724 5.96143 741
0.332108 6.75785 405
0.191906 25.9558 731
0.545259 38.1554 938
0.447238 2.24397 432
-0.405663 137.392 955
-1.5858 295.263 339
0.969572 110.391 79
-1.35214 281.705 503
0.374969 53.9037 613
-0.783395 194.764 523
1.2773 -60.026 842
0.185198 3.82379 202
-0.100212 22.1613 713
0.139295 1.01568 665
-0.337396 56.2119 460
1.31057 -79.9312 661
0.576256 69.9816 917
0.597785 49.1785 950
-0.671296 287.245 682
-0.269063 175.926 322
-1.72995 455.188 264
-0.673802 311.74 828
-0.445254 275.645 829
-0.166021 222.65 662
0.110254 198.323 150
0.70474 77.2336 626
0.844862 38.9681 144
1.90612 -283.785 603
0.831226 -39.8349 540
1.7386 -268.306 918
0.674038 -33.7416 541
0.478605 0.587048 642
-0.104515 16.021 246
-0.375604 59.112 313
0.544292 62.6273 350
-0.519855 121.687 54
0.520138 32.8058 955
1.1684 -55.691 540
2.5588 -418.265 918
1.62443 -209.486 798
-0.272633 167.751 894
-0.0479943 143.649 769
-0.0713765 141.222 259
0.304876 101.708 405
-0.0302006 158.423 667
0.320354 109.358 648
-0.322555 188.32 163
0.596621 160.265 256
-0.0948902 181.794 529
0.0859675 160.652 180
-0.0952388 182.832 796
0.807314 44.6316 249
-0.487928 128.499 265
-0.363686 89.0915 818
0.124422 62.2724 299
-0.564766 150.724 161
0.478803 46.5247 180
0.668963 51.4206 839
-1.04821 238.374 391
1.85664 -241.397 472
-1.5174 384.94 9
1.46648 -119.652 1000
0.578825 93.3336 72
-3.69139 224.49 283
0.452824 -7.71053 991
0.188387 56.9389 448
0.213082 46.1676 206
-0.772138 117.272 913
0.0562512 66.2065 611
-1.05961 248.588 426
1.21693 10.6054 436
0.652932 94.6269 923
0.530371 50.6838 578
-0.287163 99.7047 305
-2.33002 405.458 855
0.173221 -18.3656 671
0.346452 1.37231 665
0.578969 -76.3149 918
0.632783 -69.7627 370
1.16839 -15.9128 557
-1.58102 334.229 856
2.86762 -257.078 161
-2.05103 503.623 407
-2.02677 339.456 275
-0.693596 239.343 351
-0.373088 269.154 231
0.138263 180.881 463
-1.1824 396.993 681
0.813733 36.4797 123
0.457141 97.2287 658
0.399103 109.27 697
0.904472 -59.8152 64
2.42916 -334.637 573
-0.551002 213.717 625
0.467007 83.8049 117
1.21498 -123.233 978
1.4672 -41.2207 578
-0.361104 57.8844 313
0.732066 64.5631 363
-0.315052 150.708 193
0.126675 124.961 836
0.324096 61.9984 918
0.314496 65.9494 370
-0.392879 129.966 251
-0.49394 211.114 441
0.189101 138.084 79
0.508627 87.8626 304
-0.18976 168.697 162
0.303574 135.368 722
-0.19481 177.033 155
-0.349057 192.61 685
0.114427 145.25 899
0.0430072 161.901 453
0.0626357 162.489 751
-0.242889 202.959 200
0.745861 47.0278 281
-0.0454884 65.003 934
0.297846 16.2216 392
0.17785 65.4045 299
1.05103 20.8993 112
-0.413876 162.848 770
1.24525 56.0249 578
-0.220515 85.3853 268
-0.723274 172.969 985
0.136528 46.5585 538
-0.32315 78.6387 59
1.12681 -1.75453 939
0.109159 57.8987 792
0.116934 57.4185 564
0.0820544 53.5593 8
0.681884 47.1908 484
0.952684 1.2994 785
-0.357916 85.8768 25
-0.150847 91.7715 922
0.71603 35.9996 447
0.40532 109.684 901
1.43451 37.1346 578
1.05662 -94.6637 422
0.50328 -0.575571 266
-0.0660465 14.4375 569
0.567878 -43.4075 698
0.868656 -87.0868 917
-0.290593 98.5423 600
-1.22824 328.12 43
-0.964477 188.181 193
-3.01882 597.814 568
-3.26535 751.59 43
-0.80284 172.238 610
-0.56614 227.943 383
-0.326645 265.421 683
0.911421 74.7997 600
0.836898 47.7969 16
0.706249 8.39448 698
0.451332 73.5041 698
0.298406 146.482 236
1.59086 -94.5703 832
0.405617 94.949 125
0.538002 107.411 257
0.324904 79.4566 698
-0.18731 148.512 502
1.0604 -42.7034 394
1.81673 -117.559 685
-0.569381 175.682 963
0.104222 127.24 902
0.0906611 118.065 901
0.139092 121.919 824
0.628447 32.6484 572
-0.321559 144.203 363
-0.268672 157.846 569
-0.25295 174.687 697
-0.523819 157.367 420
0.579735 148.298 218
0.257273 138.263 382
0.0853143 166.652 92
0.190079 154.952 330
0.550224 122.541 722
0.395527 135.198 723
0.121592 160.898 512
-0.267961 208.898 587
-2.61884 190.604 204
0.0678547 56.4135 570
-0.0200483 67.3052 902
0.785976 18.3133 685
1.36534 13.8612 697
-0.15712 210.523 75
-1.30898 200.27 331
0.0979271 56.1744 569
0.321349 8.75601 493
0.129936 53.8011 939
-0.180295 81.6827 176
0.115182 40.0888 406
-0.18022 70.2387 353
-0.241186 103.668 429
0.0958489 64.4058 300
-0.0493384 77.6223 541
-0.127167 91.362 714
0.358112 53.4513 580
-0.0488875 68.638 956
-0.469 142.611 922
9.28601 -1345.52 553
1.26753 -46.3538 978
-1.83462 346.407 460
0.38132 5.60763 491
-0.157627 24.5603 330
-0.8115 159.855 329
0.877703 51.4835 696
0.465121 62.3189 181
0.359904 72.7621 698
1.32239 -125.622 605
-0.208029 192.731 281
0.452192 128.254 603
0.188631 174.447 662
0.480682 108.364 902
-1.04619 235.667 578
-0.926039 207.859 804
-1.41488 174.194 319
0.519862 40.8647 917
0.16477 133.566 395
-0.0645828 167.412 890
1.42845 -108.349 160
-0.646953 206.462 991
-0.315257 158.133 740
1.1078 -35.7176 552
0.630703 40.0945 933
-1.6616 154.589 792
-0.513656 88.6388 313
0.368054 92.8834 602
-0.156344 149.345 707
0.775814 25.3017 990
0.303726 106.658 181
0.574082 72.8222 342
0.378998 94.6844 620
-0.601216 246.807 764
-0.0902348 150.099 570
0.0997045 137.338 363
0.874308 20.6863 262
-0.12086 174.698 104
0.188596 144.803 788
-0.203853 180.219 331
-0.183061 184.156 362
0.473911 115.341 406
0.394798 167.082 545
0.415829 125.625 307
-0.842007 169.87 924
-0.193828 89.9729 339
0.124986 58.3204 179
0.749687 66.7293 299
0.708476 126.904 363
-0.409786 245.892 685
-1.09554 184.107 363
-0.163471 92.5867 798
0.059948 49.5733 30
-0.501847 64.4611 891
0.172763 46.9743 206
0.424741 9.9518 396
0.155398 48.4731 132
-0.0735932 85.2462 12
0.0862984 70.5771 579
0.0490999 68.2767 823
-0.590609 99.2735 284
-0.858306 120.415 621
-0.693503 208.043 638
-0.140173 83.6404 713
-1.15014 235.43 394
0.28967 192.776 612
0.809131 70.6072 266
2.5675 -304.003 361
-0.0969539 24.5667 810
1.14253 -123.554 735
0.590322 -21.5885 798
0.546012 29.7284 603
0.380568 116.759 110
-0.104678 172.128 569
1.29368 19.5295 336
0.156041 186.938 686
-1.06511 377.898 917
-0.379761 183.843 742
-0.501322 207.3 835
-0.263529 212.934 869
1.0995 101.425 642
1.62005 -136.691 953
0.176971 116.267 530
1.17823 -38.2955 521
1.53625 -155.169 96
-1.73845 468.895 43
-1.71359 472.642 42
-2.02221 259.23 813
-3.55444 566.967 102
0.0591104 6.38828 76
-0.444856 75.7299 345
0.752455 56.5204 164
0.226307 113.578 738
-0.335764 204.739 732
-0.134128 163.127 602
0.24378 143.064 696
0.273454 112.313 652
-0.142191 149.359 538
-0.276651 141.656 386
0.845411 -5.90761 33
0.0570132 142.466 804
-0.0966311 162.361 723
-0.146077 179.082 738
0.154212 158.179 298
-0.287811 210.757 922
0.556642 135.45 1016
-0.901133 280.242 181
0.26104 128.92 952
-1.08552 208.521 485
0.559245 -25.1283 895
-0.418562 79.0849 546
-0.365717 123.012 394
0.679736 142.639 363
-1.92974 344.907 685
0.485165 36.8376 687
-1.49818 288.785 198
0.0644643 55.7179 322
0.0380134 56.3015 625
-0.187945 92.0707 582
-0.0339299 69.7387 527
0.0462466 61.0591 593
-0.117039 93.6582 537
-0.289936 121.601 560
0.2187 42.4219 755
0.238143 66.0969 79
-0.0801719 83.386 788
0.323963 39.7575 577
0.0976654 55.874 748
1.15495 -7.23905 414
1.13714 -22.8161 763
1.19165 -46.4871 403
-0.407525 134.969 675
-0.153152 40.2812 718
-1.58705 280.376 329
0.669045 75.9746 728
0.347048 87.5201 436
0.411922 102.328 144
0.518965 152.223 696
0.724121 97.884 698
-0.0945873 226.18 685
-0.47749 209.415 331
-1.10991 350.217 737
0.610265 87.403 266
-2.33581 581.172 407
-0.676421 214.602 836
0.742474 113.261 923
-0.640932 266.038 951
-0.592607 187.411 319
2.00956 -177.557 736
-0.381792 194.563 807
0.088709 167.179 114
0.486022 68.8608 978
-0.639483 170.104 447
0.409448 5.52895 642
0.0456631 5.12092 54
-1.05007 166.513 234
-0.191726 155.696 696
0.547967 49.1886 828
0.247023 117.295 989
-0.828494 204.728 884
6.97351 -921.37 679
0.47513 106.699 577
-0.17545 159.117 415
0.270968 84.6384 401
-0.166112 149.959 578
-0.0596458 151.962 641
0.928209 13.7028 933
-5.87376 1410.29 606
-0.605361 252.81 1023
-0.391543 219.561 1023
-0.205107 200.481 1002
-0.123961 179.836 529
0.762179 13.3574 626
-0.303564 104.482 265
0.041641 59.2339 625
-0.250106 104.888 394
1.93363 -211.587 763
0.878535 80.9031 569
-0.225599 96.2288 832
0.628412 22.7316 843
-0.0307822 64.168 464
0.038596 60.8518 666
-0.56951 95.2945 807
-0.0938318 79.4811 566
0.0579654 64.4573 892
-0.257132 120.858 569
0.655643 47.2179 541
0.711413 89.5584 836
0.851953 -41.7142 369
0.403889 67.9015 79
-0.230901 111.535 104
0.640857 25.1744 351
0.423808 58.3322 250
2.85248 60.3721 256
1.24982 -18.7172 821
-0.566527 102.54 728
0.601887 -30.7228 717
0.389742 13.2869 382
0.38717 70.3872 363
0.781336 88.3296 595
1.22205 -53.0825 424
-0.238803 185.826 362
-0.15498 218.186 266
-0.0285152 220.561 549
0.4299 151.286 362
-0.331573 185.538 813
0.5388 92.9468 362
-1.2591 268.818 712
2.98959 -88.0107 21
-1.32663 392.236 9
-0.126103 152.327 687
-0.305044 208.153 441
2.01452 -177.083 736
0.286571 147.059 145
0.238363 134.256 920
-0.218659 184.368 717
0.451447 85.8288 738
0.908764 24.1955 545
0.536978 -9.72577 545
-1.1598 174.859 266
0.397579 79.6522 441
0.29539 94.8655 98
-0.269591 153.811 266
-1.98149 168.181 299
1.02348 -101.659 584
-1.07525 167.153 642
-0.258147 176.008 447
-0.318058 152 629
0.153177 117.111 464
-1.44753 361.516 494
0.886489 110.437 157
3.3314 -346.323 471
-1.17347 317.28 644
0.259098 168.808 600
0.896604 7.25037 43
-1.49718 258.522 822
0.634455 15.2104 658
-0.0396269 67.8861 901
-0.04618 69.6238 834
-0.167333 86.6915 362
-1.27155 374.541 407
-1.18667 328.222 699
-0.205831 93.1658 741
-0.194922 82.166 646
0.137621 36.5295 440
0.655888 -37.639 263
-0.647053 169.918 263
-0.0262125 71.0806 566
-0.104238 86.9559 922
-0.470868 150.235 362
1.3315 -45.2658 917
1.18096 -33.5948 978
-0.500003 208.346 810
1.5367 -138.029 407
1.13801 42.4683 578
-0.174578 90.5767 453
0.205326 27.4948 929
0.139529 56.3199 1007
0.671843 20.3835 880
-1.07607 151.379 685
0.321889 -14.5836 754
0.291655 -2.62317 536
0.867619 3.13359 729
0.51958 81.0382 212
-0.337073 214.313 951
0.31715 136.474 717
0.660441 124.508 729
0.0337524 213.08 434
0.405239 160.632 298
0.0376994 154.944 983
-1.33917 286.35 301
-0.591792 235.08 787
1.24988 84.7316 836
-0.304761 139.382 394
-0.196674 144.718 836
0.273762 102.127 795
1.96335 -172.084 736
0.0666521 165.132 962
-0.77107 294.225 295
0.239092 153.802 163
0.245941 126.298 738
0.514127 50.9855 738
-1.9023 360.164 953
1.0364 4.05964 453
0.169987 133.303 394
0.476091 60.6651 361
-0.298881 158.917 298
-4.23203 665.608 894
0.426811 -13.8659 486
1.53074 -179.205 900
-0.643473 158.211 88
0.499425 26.2168 788
-0.523082 144.891 79
-2.42081 563.676 919
2.47061 -275.823 71
-1.73476 380.808 740
1.63022 -70.1974 296
-3.20216 590.044 306
-1.39871 228.385 268
0.459251 48.2312 46
0.134501 52.5922 792
0.0234766 57.0633 669
-0.260934 98.4513 365
0.563302 56.9098 172
-1.04287 183.356 111
-1.00758 189.325 144
0.505369 59.1833 219
0.170535 33.8732 293
0.66327 16.1688 881
0.0725391 54.1098 562
-0.0518631 76.7973 777
-0.453046 97.8581 945
-0.107081 74.6381 225
-0.586324 161.525 394
0.418531 169.253 331
-0.224221 242.87 625
2.22844 -63.2273 277
-0.53726 291.767 828
0.89784 15.0221 662
2.13376 64.4099 267
1.54351 -82.3782 334
0.925842 -48.4371 306
-0.395349 133.794 888
-1.02396 76.4878 299
-0.165063 31.7456 674
0.301485 30.6662 363
0.657288 -19.199 798
0.103074 126.673 363
-0.0669852 152.712 890
0.307083 149.318 696
-0.27823 206.335 266
-0.280952 240.335 307
-0.461379 210.277 331
-0.247953 179.726 759
-1.15047 409.565 402
-1.81024 195.875 257
0.547226 83.3834 801
0.723038 44.2566 968
5.23462 -173.324 510
-0.42673 162.215 545
1.87663 -159.729 736
-0.0308581 175.328 977
0.171892 142.932 861
0.0225872 165.584 15
0.0912417 154.377 569
0.299688 97.1913 738
-1.93378 219.667 142
1.31663 -44.8375 841
0.22166 123.936 772
0.140062 133.425 266
0.728798 -4.98702 778
0.0971966 35.7402 885
-0.142638 68.2274 144
-0.0368666 51.9871 323
-3.829 694.516 458
-1.53141 151.597 627
-0.418476 87.8876 739
0.963482 -68.28 755
3.45202 -589.602 605
-0.176443 176.135 674
1.09816 89.7744 206
8.58182 -1342.32 888
1.04655 14.2675 126
0.17668 34.4674 242
-0.522297 141.649 328
0.789505 18.4455 937
0.0375548 60.0057 702
-0.149336 82.487 114
0.934432 -94.1399 40
2.71704 46.8993 267
0.925866 15.4301 773
0.110295 41.1844 929
-0.0695699 66.6863 791
0.293475 25.2587 584
-0.102193 72.6257 386
0.217232 53.8756 877
-0.165792 97.0888 922
-0.384435 129.149 313
0.280878 172.068 570
-1.2976 230.426 109
-0.602406 224.515 545
0.241703 202.377 195
-1.82087 488.046 798
-0.550192 153.648 345
-4.22837 829.95 553
0.452155 39.4811 790
-0.332298 103.379 210
0.434742 -18.4524 626
-0.46012 96.5479 441
0.961294 -101.852 498
-0.594172 192.674 740
0.245926 102.994 729
0.273894 102.367 730
0.348852 102.686 680
-0.316909 218.047 738
-0.0983241 209.824 641
-0.47525 195.797 283
0.875729 105.942 685
-0.449188 238.153 527
-0.402675 206.844 497
0.76286 141.533 696
0.57793 96.3566 406
1.10405 -5.03776 978
0.60703 63.4963 534
1.40826 -112.16 128
-1.54388 460.653 951
-1.27068 386.777 682
2.14493 9.86483 194
0.823072 11.1173 73
2.43255 -361.336 439
0.404512 8.9489 601
0.89963 -42.856 693
1.19645 -7.72521 492
0.296196 114.176 738
-1.03046 145.094 331
-0.0478505 53.791 823
-0.22149 76.566 176
-0.269041 84.5823 396
0.315026 45.5281 227
0.271553 -0.780887 604
-0.357596 101.568 184
0.664334 10.2483 661
0.199733 114.494 956
0.240189 143.262 892
0.413841 169.467 759
0.77023 32.8578 626
0.397799 -2.03985 618
-0.224521 82.2954 209
-0.0941756 68.4454 131
-0.136236 70.7196 871
-0.0690247 78.1071 746
0.700624 -44.462 168
0.0876799 59.9722 822
0.612953 6.1865 625
0.89774 -2.46415 821
-0.129583 74.4739 270
0.156303 63.9444 314
-0.1585 79.5771 179
0.719474 27.8012 478
0.0239751 62.7794 119
-0.712765 104.424 904
1.94816 -58.4639 717
-1.34765 234.083 665
-0.734484 235.349 977
0.485104 94.2392 599
0.646454 81.518 525
-0.874786 166.985 331
-0.371701 107.952 303
-3.48162 706.081 408
0.27372 62.8694 601
-1.99511 81.2079 267
0.391304 -15.3996 658
1.80144 -235.14 571
-0.874016 175.022 130
0.90377 -29.1662 735
0.142194 121.144 363
0.588687 113.458 595
-0.204177 173.776 111
-0.264529 207.716 426
-0.175432 203.151 534
-0.224704 181.286 696
0.214073 163.15 892
0.107326 177.311 934
-0.265153 189.7 154
0.927751 78.9254 181
0.109317 199.974 447
0.32661 171.939 569
-0.193745 172.496 268
1.6055 -90.316 832
-0.677185 247.209 523
-1.43889 200.106 283
1.09515 -97.3621 978
2.00938 -48.9083 580
-0.135853 32.8962 573
-0.090007 17.2477 540
0.0382098 2.17672 124
-1.96281 328.733 426
0.529997 80.1446 772
0.787115 10.5102 652
-0.413985 122.628 38
-0.0413817 56.4181 946
-0.221299 63.0574 595
-0.0607003 58.9084 777
-0.506754 83.2662 974
-0.520547 87.9535 691
0.286751 32.7059 693
-0.600285 161.551 875
-0.484733 184.341 695
0.124647 174.006 569
0.929735 12.1668 684
-0.302749 98.0537 239
-0.0491722 66.2485 896
0.10234 44.9671 714
0.794409 -71.3792 490
-0.0622763 69.8771 598
0.672258 -31.9157 369
1.97957 -277.476 573
0.56136 44.7968 934
0.1442 43.6273 144
-0.0417196 69.7856 566
-0.10605 71.0567 56
0.243437 40.4592 176
0.451047 -12.1129 38
0.30904 42.809 786
0.700543 26.9779 27
0.341381 45.1622 820
0.515412 70.2836 186
-0.447437 161.663 605
-0.377065 143.173 978
-0.519837 188.414 574
0.716582 72.3816 601
0.178303 51.3655 269
-0.53803 131.834 644
0.0449269 58.0066 733
-0.714809 74.9727 331
0.707582 1.57704 204
1.37981 -155.43 895
0.29206 54.85 131
-1.43261 306.183 297
0.106423 117.925 30
-0.0680628 153.3 687
0.298508 126.944 241
-0.0255769 166.587 459
1.36597 -57.1192 68
-0.638509 267.675 985
-0.599748 256.653 740
0.358551 182.922 78
-0.309392 205.736 156
0.210924 152.913 537
0.465339 142.063 154
0.353514 135.098 1020
0.0898122 145.476 569
1.34407 -109.013 736
-0.22774 174.29 732
0.109563 122.564 682
0.25731 108.196 540
1.013 -45.683 383
0.606982 -26.5188 966
-0.669347 100.923 525
-0.257916 47.1337 66
-0.104466 15.3187 145
0.946693 7.97735 804
0.829264 53.8772 266
0.289652 11.1317 97
0.028934 49.3228 988
-0.155634 57.9944 509
-0.0330426 54.6632 977
0.14199 24.8356 7
0.0350766 45.336 92
-0.717087 163.714 295
0.566768 22.9495 742
-0.233 156.81 394
0.358479 130.562 164
-0.867694 192.563 196
-0.0661303 71.4836 739
0.124445 51.1136 748
-1.57634 63.8786 187
0.0677881 55.3736 62
-0.0586359 72.3233 529
1.10984 63.8999 220
0.272499 71.7113 15
-0.25003 92.8961 646
0.276299 27.4655 373
0.152773 63.0628 289
0.362358 61.5083 107
0.395581 42.1717 816
0.408167 43.7836 286
-0.486708 136.323 926
-0.0499036 77.1193 44
0.0584225 68.1649 611
0.765475 20.3783 913
-0.689383 183.794 522
0.668089 19.4507 850
-0.319973 111.163 430
0.0325154 65.2439 946
0.60964 -31.7495 521
-0.0720278 74.3888 634
-0.565794 141.065 569
1.24829 -72.5496 856
2.01971 -35.6769 508
-1.36388 301.924 681
1.04273 -27.1578 364
-0.114343 109.441 610
1.07053 -30.4139 471
0.259426 106.751 730
0.0725386 147.796 672
0.0696294 153.25 1012
-0.212442 174.795 507
-0.793488 274.981 571
-0.193296 181.478 738
-0.507065 239.939 540
0.791231 32.3234 42
-0.593135 195.013 80
-0.493239 243.951 408
-0.844018 207.477 318
-0.0640399 156.829 23
1.33423 -109.722 736
0.175472 124.883 268
0.14341 139.809 728
0.0319936 144.132 835
1.13058 -53.2872 922
3.51665 -415.348 102
-1.37846 282.22 1016
1.26991 -25.5659 545
0.246752 2.64719 202
0.46984 -25.9208 693
-0.678609 99.9818 923
0.527041 -9.25106 97
-0.0771064 62.9063 809
0.163276 48.1774 475
0.337504 -7.23113 408
-0.980009 208.922 135
-0.0621036 59.0117 1015
0.151234 32.725 130
0.208009 43.3723 420
0.698247 30.8548 492
-0.389224 204.898 383
0.651533 59.0577 890
-0.522292 148.961 585
-0.0409765 61.1581 976
0.515675 -23.6867 295
-0.705493 98.5208 872
0.0349222 58.6764 885
0.0958504 49.6753 714
-0.686014 193.231 604
-0.0502221 65.6216 716
0.161584 38.4886 494
0.655175 21.6169 881
-0.258801 83.2103 60
-0.238182 71.29 77
-0.0952346 85.0414 829
-0.11705 87.8425 473
0.148278 57.8599 724
-0.650534 111.952 845
0.122374 44.9644 829
-0.262016 105.851 709
-0.0952894 72.3445 915
-0.295041 109.604 933
-0.150445 95.0478 670
0.60251 63.7924 267
-0.572328 167.117 566
-0.681969 154.863 601
-0.741875 268.909 265
-1.91324 284.054 21
1.124 82.3384 79
0.796488 68.5159 508
0.517403 79.2331 49
-0.543537 215.322 407
-0.144914 144.721 923
0.100096 136.126 525
0.100146 142.676 357
0.273505 106.719 45
0.674825 43.6589 984
-0.0595909 157.409 527
0.341683 96.3511 795
-0.556969 242.424 991
-0.577467 238.929 374
-0.0973828 160.256 977
0.583705 55.6027 863
0.238653 111.631 406
1.40994 -104.171 928
-0.226978 174.745 952
-0.0677923 156.56 537
0.274264 126.821 206
-0.927504 210.899 685
-0.987354 258.345 740
-1.51228 223.491 82
2.56737 -336.048 407
0.681899 7.99316 923
0.233275 3.78766 836
-0.633844 109.402 523
-0.943918 201.578 702
0.315088 9.14722 952
0.341832 4.3567 682
0.288023 55.8386 836
0.0797169 42.4725 797
0.616999 6.20047 996
0.0442643 45.3471 594
0.564987 15.9778 413
0.989853 4.24969 841
-0.261434 157.798 835
0.599129 70.4895 104
-0.826403 169.742 899
-0.473101 74.2916 255
0.0835631 44.6625 671
-0.272062 82.983 996
0.314033 17.3851 712
0.45457 38.2145 511
-0.212026 91.6733 894
0.0917961 57.8257 939
-0.146067 74.3074 877
0.0988496 52.6425 560
-0.127338 81.5098 644
0.07364 52.6652 11
0.305987 23.368 712
0.465914 54.2205 419
0.64308 36.4391 904
-0.130188 88.1495 703
-0.490625 148.992 458
0.174371 38.346 231
0.482995 35.1236 973
0.0813711 55.0572 867
-0.132433 85.8293 428
1.33541 60.4024 299
-0.822014 159.979 601
0.391335 98.3562 375
0.216196 134.624 698
0.130844 169.969 220
-0.0318861 179.778 459
0.425006 127.929 645
1.82379 -222.216 407
-1.60849 183.473 195
-1.6862 402.093 71
0.789761 1.74298 45
2.48943 -376.43 439
1.25306 -77.2799 1016
1.50797 -108.387 961
-0.429847 160.58 508
0.63904 46.6688 861
0.427963 135.841 256
0.195361 114.7 600
-0.113068 150.912 684
0.280662 140.705 236
-0.214199 203.361 796
1.40632 -114.226 736
0.0525941 138.319 323
0.296049 117.372 212
-0.0875052 160.535 655
0.502564 81.788 569
0.593602 37.6925 565
0.64748 101.314 595
-0.816307 281.008 856
0.401963 83.3166 901
-1.38713 220.203 1016
0.387453 3.07668 836
-0.650373 89.676 152
-0.256797 89.8688 634
-0.261353 82.4187 152
-0.174798 88.4627 675
-0.753433 103.129 879
0.0385841 50.6714 588
0.229326 14.7571 393
0.26268 10.3125 248
-0.04721 57.5692 901
0.587128 32.6296 809
-0.750196 198.474 545
-0.966515 229.082 661
0.0769759 52.0131 557
0.164209 55.4668 289
0.307035 43.2415 942
2.11813 -272.706 231
0.989963 6.14768 27
-0.120129 76.4431 676
0.231479 33.7109 132
0.0297918 58.8253 23
-0.144809 82.5709 428
-0.0293222 64.6558 869
0.190623 26.7596 731
0.0826756 56.8217 671
-0.278891 86.3695 19
-0.178434 72.6543 172
-0.0418027 72.331 710
-0.511198 79.5609 514
-0.123187 82.6096 958
0.0772203 60.1386 759
0.290965 22.7384 712
0.813785 8.68349 853
-1.06345 246.199 1020
-0.0475241 169.368 757
-0.217347 186.245 238
0.217929 131.775 603
0.323037 123.102 264
0.165693 170.533 451
-0.198318 182.394 141
0.134417 158.898 121
-0.243441 188.934 510
-0.992106 237.312 717
0.781715 -6.12096 234
0.0195269 0.830253 22
0.0975947 -3.2704 820
-0.413652 88.3446 574
1.03803 22.5368 363
-0.894758 290.141 35
0.0482056 129.188 594
1.00731 18.5517 304
-0.460282 213.488 679
0.985825 2.97872 826
-0.140317 175.39 131
1.36985 -99.3543 928
0.426683 71.2994 861
0.310304 96.4463 526
-0.938515 148.06 218
-4.01266 617.757 894
0.662667 30.2182 492
0.107213 117.876 447
0.0818746 136.431 629
0.64547 102.216 685
-1.70808 477.582 438
2.10782 -15.565 545
0.728093 4.11434 836
1.77991 2.00502 443
-1.00122 192.684 767
0.838429 -47.4052 989
0.162676 43.3298 655
-0.0749185 63.1827 744
-0.724098 101.359 849
-0.263425 68.836 818
0.230449 12.3133 71
0.712445 27.4766 906
1.7872 -116.6 565
0.814173 121.137 612
-4.84764 1080.74 638
-0.0307254 60.4718 152
0.0483209 56.0397 501
-0.0266327 62.553 970
-0.627206 84.2438 255
-0.542778 139.721 358
0.0515762 57.5327 581
0.76445 -62.1284 135
-0.0493407 67.2448 94
0.394617 9.09575 399
0.409817 45.0147 511
0.0563597 58.6585 562
0.647956 28.2395 914
0.0585992 61.2772 23
-0.940993 126.642 752
0.105799 50.0471 565
0.0290802 60.0526 468
0.0205185 61.726 459
-0.374253 126.278 434
0.886518 19.2489 885
0.296344 104.19 573
-0.530649 200.151 882
0.0868942 154.412 989
-0.563402 256.314 233
-0.358178 214.487 176
0.0866148 161.323 918
-0.346711 223.104 863
0.315658 130.213 673
0.826941 33.5146 36
-0.170578 172.22 250
1.16615 -75.0843 662
0.292662 0.737628 803
0.18849 -8.71729 878
0.46872 -0.476545 267
-0.744103 185.675 687
-0.214887 187.31 638
0.0761842 129.514 934
0.440486 122.81 141
-0.5828 176.537 412
0.692048 42.7271 895
-0.256227 207.76 796
1.40235 -110.227 64
-0.239176 152.812 770
-0.172579 152.197 46
0.435563 77.5335 922
0.651537 43.3799 923
-0.426499 106.695 491
0.302631 85.8222 899
-0.128177 156.553 662
0.101551 145.957 581
-1.2565 417.294 407
-1.16779 394.103 900
-1.85876 323.724 1016
2.66353 -67.2621 580
0.780728 -37.5571 694
-2.02703 164.522 48
-0.110642 70.1923 389
-0.491829 79.183 938
0.0610498 46.8931 131
-0.0441661 58.9017 119
0.490599 15.4251 691
-0.173621 89.9019 799
-0.490753 130.859 152
0.358451 142.591 804
-1.07197 250.092 661
0.322966 48.4975 546
0.465871 34.3987 159
-0.339762 78.8044 95
-0.0844976 70.8611 46
-0.625408 164.49 553
-0.0239613 61.6 120
0.0449363 51.6945 13
0.041992 56.1331 981
-0.155744 75.8837 758
-0.129193 74.7925 843
0.0478195 59.9109 1013
-0.350657 104.809 335
0.132155 45.9059 958
-0.411147 92.0297 690
0.0502847 62.7562 55
0.0442464 61.8192 966
-0.439039 154.279 787
-0.388301 144.47 46
0.552646 64.6236 917
0.21694 128.396 406
0.242963 126.675 918
-0.174002 182.249 155
0.537904 92.6722 103
-0.163408 184.975 385
0.1063 163.257 505
-0.478027 207.037 174
0.0561488 159.602 960
-0.298992 210.886 297
-0.0361318 175.868 1012
0.807356 38.6607 738
0.719311 11.1175 923
0.337351 0.0974774 836
0.755157 -49.5396 786
0.746383 28.8928 602
-0.254862 170.97 308
0.208128 133.963 204
0.372124 91.4742 959
0.253536 102.785 952
0.134927 130.945 497
-0.12499 164.091 225
1.82642 -164.296 736
-0.155163 161.978 47
-0.0388882 161.857 125
-0.307909 210.052 566
0.707109 32.7503 978
1.43215 3.24611 545
-1.07543 156.548 545
0.27434 125.207 760
0.497827 126.241 191
-0.4254 217.351 295
0.455035 122.914 447
-1.14535 229.778 792
1.06743 -24.3438 738
-0.671707 162.317 901
-0.39833 153.797 956
0.316372 51.7641 234
-0.421203 113.571 344
0.0477544 46.0816 629
0.115223 48.6087 321
-0.0439935 57.7474 192
-0.0978881 67.8452 426
0.0963979 53.4125 195
0.812199 21.5358 809
0.549935 132.239 610
-0.348931 107.649 614
-0.739278 168.518 519
0.201031 43.3676 300
-0.0882323 80.3588 979
0.158036 60.3745 225
-0.235972 91.726 677
0.731894 -59.4336 456
-1.12773 139.666 753
-0.0417233 70.8325 747
-0.0337124 70.7146 466
-0.0220585 67.4977 734
0.0780227 48.0888 10
-0.056882 64.482 388
0.204104 27.8926 918
-0.238573 105.564 962
-0.451787 139.389 94
1.37937 86.4012 257
0.800884 8.63943 917
0.148907 153.825 331
0.196228 142.746 798
0.244889 171.252 90
0.547044 92.2439 407
-0.134168 206.238 788
-0.559336 272.37 67
-0.372895 210.914 239
-1.3748 397.032 887
-0.193934 198.873 951
-0.0681569 174.84 773
0.130301 160.779 206
0.21325 139.063 738
0.50271 50.3182 978
0.749024 17.6507 923
-0.332914 56.0182 345
1.21047 -119.454 763
0.0327466 136.198 639
0.20129 124.609 300
-0.230222 160.412 685
-0.0612843 140.856 491
0.475113 92.2011 673
0.34144 126.983 238
1.7978 -155.09 736
-0.257203 200.838 865
-0.157733 168.539 195
0.504852 135.39 1016
1.09095 10.292 681
0.784238 45.7056 738
-0.553749 146.601 901
-0.476827 132.752 836
0.203157 116.503 1016
0.0845201 137.901 525
0.099313 139.031 867
0.0673657 153.995 601
0.242123 121.093 674
0.631884 -28.8244 687
-0.882786 176.413 875
0.46257 45.598 266
-1.14645 234.461 135
0.0742369 43.0559 646
-0.196103 67.5865 18
-0.0323296 56.9505 641
0.66408 12.6072 879
0.33774 6.88373 615
0.56795 -25.6901 867
0.377652 49.7142 46
0.401914 32.3814 972
0.325626 38.3767 692
0.220071 49.7972 412
-0.0821312 76.5858 1002
0.0556853 56.2318 16
-0.0553662 62.3145 608
0.68805 -44.7712 103
0.169117 40.0582 571
-0.125358 78.3027 209
-0.11232 66.9217 257
-0.0248018 69.9312 45
-0.0404788 71.3035 859
-0.111576 87.5591 44
2.03795 2.59419 579
0.35683 83.3172 923
1.8956 27.1023 353
0.563272 32.4245 999
-0.273156 168.561 1004
1.0233 42.2507 245
1.64022 -166.749 638
1.48951 -36.5318 953
0.0779004 206.684 770
-0.150042 218.641 447
0.336229 165.677 839
-0.34157 192.219 268
0.143977 136.479 435
-0.244522 192.736 740
0.0518325 160.875 447
0.268537 151.637 996
-0.12335 173.68 250
0.172855 130.61 978
0.533252 71.8609 738
-0.759608 120.949 492
-0.795482 142.201 234
-0.0893973 148.32 759
0.479412 141.146 299
-0.179689 165.547 707
0.242654 113.716 149
0.0893302 140.265 395
-0.313446 211.332 796
1.77998 -156.755 736
0.0764537 152.336 788
0.829549 115.845 813
-0.513827 204.862 52
0.774853 41.2882 407
0.598066 65.7904 955
-2.31558 546.917 763
1.98665 -248.011 401
-0.0415385 134.411 120
0.13717 114.414 788
0.446711 77.7914 861
-0.516202 175.078 966
2.18509 -131.838 162
0.691817 -48.9537 540
0.596306 7.80189 666
0.396068 48.0923 890
-0.0666805 54.9549 538
0.595817 13.0158 653
-0.161977 82.8421 618
-0.0370581 57.9981 656
0.0374999 51.2672 946
0.323838 9.06087 583
-0.0887684 70.7204 1000
0.186411 35.4283 241
-0.301732 99.9003 306
0.111001 40.7698 796
0.111382 39.2034 12
0.603762 19.9855 881
0.151759 56.5112 253
-0.0399685 68.6399 1014
0.0302652 60.6692 31
0.317719 10.7875 34
-0.0354778 68.4453 538
-0.196484 88.4382 176
-0.293988 100.177 145
-0.532142 161.687 888
2.58005 53.6856 475
-1.13914 228.514 842
-0.394865 178.255 702
-2.02633 399.277 471
2.47267 -391.75 731
0.465693 77.334 625
1.04792 140.465 218
0.584067 124.882 646
0.314896 176.633 642
0.545642 124.052 899
0.0607173 202.714 901
-0.230535 201.314 363
-0.676145 173.333 299
0.269673 95.773 401
-0.13483 157.78 545
0.127074 146.489 22
0.236336 133.293 861
0.0184381 167.901 15
-0.312501 214.087 926
0.208777 131.76 738
-1.2217 207.581 382
-1.0304 144.474 266
-0.250089 152.321 385
-0.242899 165.159 90
0.906047 -17.1632 650
-0.187605 146.947 81
0.655078 41.5327 953
0.826433 8.14288 34
1.70108 -150.853 736
-0.201229 177.794 540
0.431275 75.308 42
0.293851 155.933 54
0.756402 28.9737 43
-0.630997 166.542 218
0.721128 6.53468 687
-0.426813 114.546 201
-2.4494 366.579 334
1.86768 -267.05 43
1.09573 46.1616 51
0.653426 16.4893 126
-0.0592897 53.0526 770
-0.263792 94.9492 473
1.20915 34.1051 385
-0.511332 139.283 266
0.786455 48.3727 642
0.299595 39.4355 221
0.0510501 49.1995 525
0.455336 28.5066 28
-0.0303023 60.5921 91
-0.0828071 65.8657 470
0.087289 47.1827 750
-0.270852 91.2228 274
-0.261609 86.7211 332
0.409911 3.49291 925
-0.157703 82.5829 242
0.479192 -14.2167 168
-0.215572 78.8732 908
-0.574304 100.467 844
0.459296 37.3937 815
-0.409337 122.667 397
-0.0225355 71.1443 16
-0.060824 79.9995 1009
1.0084 -0.621968 976
0.943674 5.90053 977
0.493507 94.1108 978
0.8577 -9.25178 978
0.388859 73.4434 898
-1.75233 271.888 144
-0.619729 190.919 988
-3.43366 633.194 461
0.336749 129.058 726
-1.48409 238.439 580
0.895747 156.24 256
1.19876 134.511 283
0.151684 176.723 125
-0.728942 277.517 698
-0.914219 220.508 300
0.392387 81.2783 917
0.278103 99.4909 918
0.207431 134.768 181
0.223362 159.415 664
0.4102 146.834 589
-0.138574 198.314 43
0.208026 132.469 978
1.03199 6.24316 394
-0.578624 117.137 890
0.658032 44.3677 460
0.39443 99.6843 143
-0.0594544 147.796 125
-0.161011 146.481 55
-0.200616 173.198 650
-0.0939484 159.658 700
1.80723 -150.426 160
0.84333 92.3658 195
-0.658536 197.964 723
0.250377 117.243 525
0.661556 58.4084 526
1.89856 -81.9546 162
-0.222306 87.9589 154
-0.536851 167.973 42
-0.124201 82.1174 125
0.307388 34.1698 540
0.503057 -23.4806 918
-0.656225 192.936 42
0.483372 36.7089 966
-0.592438 178.91 45
1.45863 48.5401 79
0.664 97.9257 331
-1.77728 442.47 900
1.72913 -141.293 856
-2.14245 171.299 195
-1.77968 417.797 1010
-0.663138 172.326 45
-0.951714 160.29 608
1.51549 -101.247 856
1.49176 46.6947 803
-0.430359 131.249 71
0.384799 37.4913 349
-0.0318076 66.5534 500
0.272036 27.1011 342
-0.258863 88.7569 302
-0.445285 94.7883 914
0.511132 33.5359 943
-0.198921 101.86 618
-0.379918 120.12 338
-1.07916 302.74 123
-1.65708 215.524 601
0.997712 38.2745 737
0.187916 169.032 978
0.424765 111.623 978
1.05102 -33.6114 978
0.676229 14.871 702
0.385884 101.339 395
1.35161 36.1747 144
3.36736 -264.564 367
0.327251 117.053 726
-1.30969 275.244 207
-0.325815 222.298 97
0.524054 76.1733 44
3.75068 -424.582 862
-1.11814 300.413 233
0.108105 136.579 382
-0.305195 202.163 329
-0.288694 174.104 385
-0.0800306 173.167 779
0.450097 97.8323 456
-0.395295 235.939 233
-0.395957 209.344 993
0.732152 81.5077 362
0.251863 39.0079 956
0.845112 -54.418 763
-0.153603 146.824 330
0.644443 68.9109 373
-0.413589 235.855 42
-0.455247 239.928 43
-0.280248 162.859 48
0.829249 -66.5234 736
2.42785 -67.6468 941
0.18318 76.568 54
0.331163 76.4998 54
1.26273 73.4505 186
-0.204474 112.216 438
0.505068 56.4387 189
0.0559106 73.5 529
0.0593804 78.5463 506
-0.232208 98.2935 180
-0.101242 94.6545 756
1.79004 56.9036 78
-1.14514 231.626 126
-0.70517 220.64 966
-1.30184 273.937 181
0.957861 108.229 696
0.163784 170.469 363
0.502585 112.04 917
0.367704 147.724 494
0.071482 201.062 770
0.38177 135.227 922
0.310239 133.595 923
-0.266826 169.597 923
-1.59635 411.707 900
0.9988 56.2308 642
-0.0747608 71.0951 97
-0.0391025 67.393 700
0.459244 -0.209823 133
0.18695 33.5399 71
0.759208 -54.7209 167
0.67985 -52.3566 33
1.89402 60.7253 218
0.728308 29.0014 977
0.702577 83.9746 953
-0.147686 228.992 682
-0.196685 211.58 79
-0.178152 220.617 724
0.523931 126.833 265
0.121434 185.024 645
-0.759416 201.849 707
2.35097 -307.968 472
-0.216608 210.522 971
0.707254 119.512 154
1.24644 141.197 257
0.266141 132.938 903
0.729085 10.7817 787
0.578859 52.2544 46
2.57664 -354.334 103
-0.658968 146.427 545
0.524069 65.8459 560
0.35457 103.017 471
0.407535 140.044 595
-0.156895 181.2 243
0.268903 139.321 404
-0.184561 196.466 272
-0.273935 178.215 218
-1.97667 412.737 698
-0.209171 117.937 718
0.200114 95.7377 363
-0.24311 166.045 1002
-0.259975 158.732 545
0.201116 142.82 502
0.666064 65.7023 551
-0.274927 201.075 828
0.947362 -63.2281 160
-0.122094 89.784 969
0.558666 2.20084 925
-0.104652 94.6794 1022
-0.0439485 87.5356 787
0.713949 70.3399 139
0.300172 71.3959 320
0.178174 77.1039 226
-0.465117 104.6 59
-0.183508 108.577 1000
0.683042 20.485 997
1.57543 -128.178 1000
-4.51334 674.13 364
-0.395887 120.589 1008
1.70188 -246.493 763
1.58766 -99.2942 1022
1.83149 -128.187 1018
2.02635 -150.351 1018
1.66424 -136.242 1010
1.57116 -121.35 1010
-1.12426 253.758 969
2.23408 -181.023 1023
1.76335 -129.186 1023
0.811424 -18.0873 1009
1.9012 -143.549 1023
-0.772584 162.403 599
-0.497127 152.325 15
-0.488161 140.757 74
-1.24914 141.653 51
-1.03159 136.244 51
3.17307 -82.3578 59
-2.06731 369.71 397
1.2176 4.61439 1016
1.28233 -74.7571 1009
1.73747 -152.728 1009
1.78796 -163.294 1009
1.82662 -171.381 1010
1.71345 -149.183 1010
2.34334 -198.626 1018
3.28162 -328.904 1023
0.554773 -15.9012 122
1.79816 -112.841 1017
2.57859 -235.399 1023
-3.64866 610.502 677
0.923327 69.8451 53
0.393782 48.5161 779
0.45232 25.6582 997
3.09321 -585.583 606
-0.486803 164.217 978
1.03523 -51.4695 1017
1.51719 -92.1549 1017
1.48063 -133.016 1009
-1.17174 233.312 969
1.36572 -99.6727 1009
1.54551 -136.258 1010
0.648033 63.3724 770
0.443267 2.66853 1010
0.664271 -18.3099 1023
1.0161 -43.7874 1017
1.16442 -62.3704 1018
1.15648 -56.2607 1018
1.34241 -70.1868 1018
-0.84902 211.435 969
1.17842 -77.3229 1010
