8 64 64
1.89301 -189.974 445
0.587879 15.3135 833
-6.30685 946.371 440
3.31222 -356.153 433
0.628728 50.7301 645
-1.04362 324.663 395
-2.53913 479.686 603
0.628787 65.4888 642
-0.0776007 101.88 957
0.0414495 87.2621 1005
0.438582 50.5154 188
-0.0269189 95.8328 957
-0.0236262 95.8148 1007
0.0393182 87.1675 993
-0.080206 106.408 627
0.0964603 78.8768 413
0.0412604 87.3227 901
-0.323284 146.11 546
-0.35489 126.277 221
0.0388788 85.1151 715
-0.040733 95.9562 768
-0.658332 204.876 594
-0.0642199 103.056 695
0.299111 55.5625 477
-0.480369 177.767 660
0.63699 12.8202 436
0.0748446 86.7184 970
0.0423815 87.3205 768
-0.5489 179.844 660
0.61496 8.85041 476
-0.0473319 95.4126 622
-0.0290488 90.4716 893
-0.253815 126.23 660
-0.0249665 87.2838 934
-0.0279171 88.1271 934
-0.0191402 88.1067 458
-0.036346 91.319 362
-0.0279605 86.6458 925
-0.0353946 87.5609 715
-0.0276791 86.5623 618
0.0185339 77.5397 928
0.0150811 76.1748 832
0.0329467 72.6118 882
0.026532 75.8221 970
0.0232624 73.0563 824
-0.0305746 80.1106 633
0.0223149 73.7398 718
-0.0228853 77.9197 869
0.0885329 62.8867 414
0.443529 5.38833 495
-0.0364566 77.5343 789
-0.288102 108.896 241
0.0204853 73.6313 899
0.332814 18.5674 595
-0.0391373 79.2107 642
0.0272681 70.7119 886
-0.225749 109.996 630
0.0535125 68.4029 395
-0.025498 78.6282 806
-0.0191151 79.971 928
-0.0187726 80.5355 950
0.0377838 75.3808 971
-0.0265262 83.4789 982
-0.0638809 89.0407 724
0.400297 25.1807 933
0.303561 43.1132 934
-3.25106 392.283 35
-3.63648 597.374 436
-0.926209 184.601 65
-0.626303 208.289 928
1.1094 -65.9203 414
0.0392043 90.0456 948
-0.02834 97.5145 981
-0.0240933 97.8429 801
0.0606078 84.9836 395
0.203738 73.1049 35
-0.0546195 99.3348 983
-0.327526 149.116 628
-0.0398342 99.4917 266
-0.0257779 95.9959 951
-0.033161 95.7242 633
-0.0288983 94.3168 927
0.0316572 83.4659 266
-0.110164 104.872 435
-0.37441 150.887 560
0.0648815 78.1977 362
0.0134275 88.735 762
0.0599333 89.1824 902
0.814231 -30.0684 630
-0.0358235 105.837 934
0.851899 -9.29199 256
-0.0339487 101.939 935
0.461107 40.5405 1018
-0.0332201 99.0364 902
-0.0229859 92.3398 979
0.0658179 78.0459 395
0.015414 84.3257 1002
-0.280866 134.355 595
0.0347039 82.8101 855
-0.136158 104.634 414
-0.0232484 90.3052 895
-0.0254888 87.9752 979
-0.471821 156.901 662
0.0268035 79.8799 996
-0.0400575 87.7036 575
0.0349762 78.6059 1021
-0.0291956 84.1558 640
-0.0261633 85.1837 645
0.356298 42.9506 246
0.0255441 75.9112 761
-0.0153402 80.1204 928
-0.10877 93.1263 413
-0.421315 131.257 445
-0.0557159 84.2133 575
-0.0306636 80.946 833
0.187169 45.7882 596
0.0359671 71.5034 886
-0.0194795 78.5212 981
-0.0209353 78.9824 935
0.0254161 72.0455 266
0.054541 66.2056 558
-0.0390255 84.0474 266
0.0257081 74.237 490
-0.0269042 82.9985 767
0.244371 46.2038 447
0.0184604 78.3005 972
0.0278662 78.462 967
0.0234018 78.3919 768
-2.495 445.313 603
0.497738 24.1908 934
-4.13033 467.374 35
1.16063 -123.812 433
-0.89027 203.432 573
0.177541 63.2584 768
-0.171072 116.615 645
-0.0345385 101.363 717
0.41829 39.077 478
0.339286 40.0938 596
0.0440959 90.6866 886
-0.0389237 99.066 934
0.0138417 92.9707 998
0.0760276 89.1808 34
0.440864 24.3135 448
0.0220999 91.7686 695
0.607755 24.3411 276
-0.0580379 99.4226 434
0.485729 33.3166 231
-0.054874 98.3864 622
-0.0365556 92.2849 951
-0.298873 134.392 692
-0.117051 106.318 361
0.0279883 87.2916 893
0.640237 34.48 11
0.0491687 91.6429 642
1.0233 -62.3652 661
0.030407 90.7443 895
-0.0345151 98.6536 882
-0.0444264 97.6217 972
-0.0208692 92.1769 767
-0.0386816 95.9127 618
0.0324131 85.2671 899
-0.0280766 91.1388 934
0.0356625 83.2374 824
-0.0417514 95.4473 624
-0.0179466 90.0423 951
0.0405476 84.2427 838
-0.0229865 90.7044 958
0.0312229 83.8266 970
0.272862 57.8713 12
0.0478574 78.7347 901
-0.12387 97.9884 412
0.0275867 78.4801 886
0.413476 23.4818 511
0.453296 9.32623 420
0.161275 55.6622 604
0.0238246 76.5693 801
0.0484539 74.4777 899
0.0295027 76.2112 899
-0.0311095 81.7193 935
-0.0257909 80.5102 935
-0.0306957 80.7195 955
-0.0223176 80.0314 1013
0.03071 72.9852 751
0.0677621 66.8402 602
-0.0194071 80.021 951
0.0720438 67.5748 395
0.021074 76.9797 3
-0.0295095 85.0952 362
-0.0301968 84.9844 756
0.0296119 77.007 887
0.663307 -11.366 536
0.0470794 76.6318 929
0.0428871 38.7253 950
0.115574 34.573 971
0.111775 35.5821 899
-0.235822 88.4011 616
-0.249925 126.591 645
-0.159598 108.144 64
0.310823 46.3671 595
0.0185063 97.7427 768
0.0181508 97.8625 765
0.0226677 93.1409 927
0.0146603 97.5912 458
-0.034052 101.916 957
0.0218084 95.3676 982
0.590426 18.1157 471
0.676085 32.7843 185
0.0499247 87.1596 558
0.585106 16.2008 471
0.427257 28.8215 532
-0.0294225 95.17 979
-0.026673 93.6738 713
0.0283018 85.7988 972
-0.0428599 96.2783 979
-0.0432203 94.6931 646
-0.0269234 92.712 901
-0.0135289 92.817 886
0.023585 88.918 954
0.0340868 88.5093 743
-0.0327183 95.2839 202
-0.366241 154.455 628
0.588554 33.8662 36
0.0235577 86.1971 829
0.0449697 88.0921 806
0.0282049 87.0987 996
-0.0243129 93.0735 979
0.0274718 87.5791 765
0.0350707 85.6966 951
0.0271163 86.9175 202
-0.025516 93.216 918
0.626506 25.3976 67
0.320106 36.0903 596
0.0473363 79.0538 395
-0.0262407 89.2071 831
0.0397197 79.777 202
0.0932294 70.7627 402
0.0327042 80.9262 869
-0.16254 89.0292 64
-0.311607 119.943 1018
0.0271768 78.443 768
0.0215208 77.2093 768
0.307135 51.6677 14
-0.0994792 95.6776 434
-0.209059 115.579 628
-0.0409316 86.8899 362
0.0204092 75.6704 713
0.0147799 77.0957 799
-0.0138692 81.5907 972
0.0308874 75.7238 967
0.0235088 78.8915 970
0.236654 41.1875 512
-0.351016 137.034 661
0.245666 57.6484 35
0.366689 47.7432 78
-0.0356572 87.8975 605
-0.0317022 87.7514 981
-0.0244069 48.3101 998
0.639517 -47.7983 433
-0.0439996 51.1556 871
-0.469572 153.228 832
0.0407355 99.7248 775
0.523077 29.8606 538
-0.0449065 106.704 756
-0.0208433 104.509 762
0.282256 53.5133 560
0.267176 60.1847 499
0.0505769 95.978 899
-0.0381327 105.938 863
0.0282737 96.5076 601
0.0216088 96.6504 1007
-0.0285747 102.099 935
-0.0447132 103.712 886
0.0225245 92.3964 918
0.0196455 92.091 979
0.364435 49.4494 440
0.0185449 91.9784 970
0.193737 67.1564 414
-0.245227 127.515 569
0.0512647 81.3843 824
0.0548022 81.4816 824
-0.283567 129.582 508
-0.0227727 93.5808 935
-0.0299279 94.1348 678
0.0408515 84.1869 362
0.0285442 87.9208 996
0.461373 46.1368 147
0.534071 18.7708 326
0.0324051 89.1881 998
-0.0414751 96.1196 574
0.0215229 87.7096 362
0.0375471 85.8605 824
-0.0563986 96.4373 761
-0.0754461 96.2696 839
0.0554018 82.0066 824
-0.0538133 99.6345 434
0.538631 28.7257 233
-0.0398804 91.6291 65
-0.0170445 89.6963 715
0.0525795 75.6018 627
0.332665 43.7563 442
0.0266938 82.4063 1021
-0.027688 87.355 955
-0.0660985 92.8427 656
-0.0362571 87.4235 3
-0.0165543 85.5622 962
-0.0413225 87.3899 951
0.0424452 77.945 899
0.03286 76.9447 972
0.0159319 79.195 979
0.312682 36.8315 354
0.020154 80.4936 678
0.0436694 74.964 824
0.0459343 76.7172 34
0.035733 77.2371 648
0.0969826 65.0887 559
0.0176966 79.9674 979
0.0226547 79.098 649
0.0266079 80.5582 801
-0.305403 134.334 660
0.0920344 72.4846 413
0.812698 -66.2102 436
0.0833735 36.8363 899
0.623978 18.0565 65
-2.28941 313.991 45
0.0157229 102.47 998
0.0205654 101.401 768
0.0169634 99.112 522
0.0417686 98.8403 1022
-0.0260776 105.063 742
0.0241194 99.0235 928
-0.0237749 105.066 678
-0.0388564 105.96 761
0.0282782 97.8915 266
-0.118471 117.021 413
-0.031554 104.874 642
-0.0269531 103.289 979
-0.029877 102.337 951
0.515183 23.469 352
0.289426 69.4512 35
-0.176514 104.609 64
-0.0189945 98.184 935
0.226479 67.2352 1018
0.369709 34.0174 596
-0.036257 96.5563 934
-0.181498 119.6 433
0.0246611 90.3463 768
-0.0964251 108.073 434
-0.293413 128.54 1018
-0.0586767 101.356 982
-0.0327156 98.8165 640
-0.0548373 101.715 953
-0.0356049 98.3831 934
-0.0274184 99.1489 800
0.0302561 91.7103 838
0.0599099 90.2689 65
-0.0214492 96.3574 935
0.131227 74.4994 402
-0.0252352 96.267 954
0.018076 90.1661 1001
-0.0272023 96.0242 895
0.24429 48.3625 628
0.0416593 84.0157 821
0.419454 27.3848 352
-0.0253355 91.3735 995
0.24509 55.2757 443
0.259259 42.4931 596
-0.0395826 91.2547 982
-0.264034 129.81 628
-0.037065 88.1472 953
0.0446755 77.0365 601
0.0472485 76.2592 694
-0.0335858 87.322 951
-0.35285 116.118 44
0.0365317 77.0422 999
-0.0359421 90.7467 362
0.231452 59.4284 97
0.0291444 78.3377 826
-0.0354279 88.834 833
-0.0592655 89.7359 631
-0.0482574 89.3516 982
0.0196911 80.827 886
-0.352304 145.583 628
-0.0591338 92.6971 1014
0.0269197 82.1943 882
-4.31685 497.489 44
0.347365 35.7569 968
1.52468 -46.1054 35
0.0940159 100.916 839
0.0223196 102.129 362
0.0392675 103.815 33
-0.0235351 108.553 951
0.0133803 103.445 893
0.0343209 100.661 646
-0.0368935 108.738 605
-0.134372 121.875 412
-0.039202 110.757 491
-0.0269702 107.029 935
0.319858 49.0293 594
-0.0367242 107.539 886
-0.020134 104.107 765
0.0192465 97.9827 833
0.0171227 97.328 996
-0.031845 101.74 933
0.114282 80.5416 402
-0.0322449 103.192 266
-0.0185156 99.4725 640
-0.0300605 101.507 831
0.0253786 93.1517 1002
-0.255019 119.936 44
-0.0354564 100.968 395
0.315476 59.2664 378
0.0222775 93.6196 718
-0.0607624 106.15 724
-0.0677013 100.182 32
0.0328084 93.6666 869
-0.026599 101.796 935
0.020583 96.3988 768
0.401511 39.6025 543
0.0175386 95.3086 871
-0.0245263 101.013 490
0.100293 82.9753 413
-0.028027 98.4836 902
-0.0296099 99.3695 951
0.0290614 90.7424 970
0.279307 44.5977 595
-0.021659 95.4345 833
-0.0414108 97.3084 763
-0.0199845 92.2701 768
-0.116614 103.641 413
0.385678 39.2742 441
-0.0225882 90.3935 895
-0.0348326 93.2356 362
-0.0135966 87.5099 902
0.0561745 79.069 646
-0.515581 176.076 614
0.0422753 81.8893 65
-0.0259685 88.3089 2
0.236013 48.8774 604
0.0581363 80.5054 1021
0.0528083 82.49 761
0.371988 44.6513 311
0.0688512 74.8228 395
-0.0521742 95.7549 852
0.257676 46.2872 603
-0.0200409 87.9675 764
-0.0397452 92.8378 982
0.0511725 81.8411 363
-0.0270844 93.4757 930
0.0931695 97.3083 414
-0.0242157 111.506 951
-0.0184101 110.32 838
-0.0338067 113.024 982
0.0313386 105.111 761
0.0558904 98.9599 369
-0.0260315 109.659 633
0.0201546 103.232 394
-0.0248502 109.249 524
-0.0724491 117.185 434
-0.258967 129.406 10
0.0975839 88.0491 627
-0.0181861 108.523 762
0.566885 40.8874 276
0.045777 97.9024 948
0.0841106 90.4669 435
-0.0172022 105.84 799
-0.019871 103.446 981
-0.0362823 104.239 3
0.0457922 91.4849 824
-0.0292351 102.797 806
-0.0280062 101.217 701
0.0433437 94.137 901
-0.0223749 101.58 1007
-0.0460522 100.555 806
0.0306398 92.8319 972
0.0484013 88.6746 824
0.0179604 96.0074 766
0.0662519 91.4602 646
0.362078 37.4069 595
-0.0676641 107.513 953
0.129609 82.3961 414
-0.0282802 100.864 701
0.0482781 89.9451 824
-0.0400402 104.91 953
-0.0314351 102.801 715
-0.0234852 101.151 715
0.0606393 93.8662 839
0.0538877 91.7802 96
0.480435 30.0076 503
-0.142711 115.324 692
0.0125689 90.7346 768
-0.0280645 95.5687 951
-0.035486 95.4313 1014
0.777542 -12.2468 438
0.0389877 81.9326 824
-0.404127 153.888 660
0.03682 84.2193 742
-0.0199236 90.3229 928
0.014916 85.0416 768
0.0242504 84.0007 970
-0.311702 134.125 662
0.0402745 83.5739 899
0.0253591 83.6745 458
0.0237331 85.3585 882
0.209779 67.4456 221
0.0437974 78.6302 824
-0.0596768 99.5841 625
0.319672 49.4078 224
0.027568 84.602 966
0.0383707 83.4204 871
-0.306165 136.486 661
0.029726 86.4135 234
0.0335209 86.2055 822
0.380333 59.027 436
0.0268733 106.132 767
0.0352511 105.534 882
0.0308653 105.664 967
0.0226583 106.901 967
0.0538711 100.157 625
0.0418163 102.964 695
0.0194452 104.417 490
-0.0310516 109.734 934
-0.0401365 113.012 982
0.01788 104.976 1007
0.0248241 102.017 266
-0.0673206 116.666 724
-0.0857842 111.432 839
0.0280335 100.88 831
-0.0235596 107.973 715
-0.4653 149.944 221
-0.0750735 114.159 434
0.0158203 100.357 768
-0.0293231 104.815 935
-0.0255013 103.198 934
0.0234228 96.6188 766
0.0145295 98.469 768
0.0628768 95.4968 65
-0.0361164 102.494 32
0.481002 36.3594 294
0.0147254 98.0049 768
-0.029433 103.577 743
0.0606844 95.0267 65
-0.0218176 102.551 934
-0.0330649 105.144 935
0.470219 32.5913 533
0.0538161 97.7096 806
0.0182093 99.1389 970
0.0247536 99.7712 821
-0.0409532 106.402 715
0.0284202 98.2196 695
-0.0723303 110.979 434
-0.0325338 104.669 981
-0.040156 100.782 934
0.674325 21.7536 244
0.302035 51.6456 436
0.0301433 87.467 972
0.062519 84.1379 600
-0.0391329 98.0315 756
0.0376595 87.114 695
0.13819 73.1455 413
0.0247254 88.513 970
0.479671 20.3975 352
0.135785 71.9174 414
0.657692 -2.50481 538
-0.0715347 98.7912 434
0.13684 66.6413 604
-0.441734 163.365 628
-0.034451 94.5629 935
0.0558437 84.7959 637
0.102309 75.5735 413
0.036348 85.9048 695
0.463244 47.3993 40
0.0260116 86.6337 972
0.0366978 87.1266 688
0.0306732 88.3491 765
0.122054 75.0006 402
0.0182478 89.8844 998
-0.0233303 116.586 935
0.0270982 108.276 822
0.0209901 108.781 768
-0.023117 114.562 633
-0.0200398 113.134 1007
0.0275166 107.012 765
-0.261597 134.066 11
-0.0418346 116.776 395
0.0158383 107.389 970
-0.376292 174.515 576
0.0476838 101.566 694
0.0904999 99.2868 632
0.0555036 97.9466 559
-0.11387 123.647 436
0.301592 69.5538 442
0.0174177 104.445 935
-0.0704503 114.443 412
0.0982671 92.4262 412
-0.197413 129.839 446
-0.02678 107.189 524
0.207727 73.4993 436
-0.0230274 105.313 854
-0.0341389 106.808 616
0.0168074 99.3495 970
-0.0521052 106.971 656
0.0372681 94.1765 266
-0.293375 131.632 221
0.0312017 98.1254 821
0.0418347 98.3969 646
-0.0293516 107.394 619
-0.0389315 108.683 694
-0.0737567 114.453 434
-0.0270819 108.395 932
-0.026165 104.972 869
0.023835 100.815 646
-0.0278206 105.742 895
0.0602565 93.358 414
0.0242878 97.6884 886
0.0327008 98.1512 743
0.571664 19.1538 535
0.49381 52.1042 116
0.0324317 91.3824 972
0.0380463 89.613 950
0.0578768 88.6317 646
0.292328 45.3611 596
0.0322461 88.2956 965
-0.0172611 94.2445 863
-0.0279167 96.911 751
-0.0312174 96.0524 951
0.41899 55.4812 124
0.0209824 87.5947 768
-0.0422168 96.5111 931
-0.315504 140.145 660
-0.0392723 94.998 645
-0.256522 126.586 503
0.0843319 83.0541 34
0.0707419 80.2483 369
-0.0696738 102.825 601
-0.033848 97.7037 266
-0.373817 129.899 221
0.267842 58.6989 415
-0.0590818 104.389 362
0.303404 56.4406 415
0.0227108 91.4977 832
0.0176601 112.857 768
-0.0204651 117.148 266
0.0183303 112.4 749
-0.361199 148.901 221
-0.0366924 115.715 761
-0.0152635 114.659 927
0.209723 83.1083 477
0.0182232 108.674 490
0.0962472 92.9851 627
0.401044 53.726 354
-0.027969 115.263 995
0.0332635 107.699 761
0.388362 65.7728 308
0.0409082 106.113 1021
0.0463988 102.013 395
-0.025935 111.924 521
0.0220924 105.927 899
0.357046 78.1617 57
-0.0110094 107.867 965
0.0459281 101.829 806
0.0422472 98.5455 694
0.0184086 103.37 764
-0.38959 143.208 221
-0.0145341 105.233 974
0.0137524 101.538 765
-0.290221 132.696 221
-0.200528 131.833 508
0.0259854 99.0927 767
-0.0427405 107.734 938
-0.0424675 111.989 724
0.0219212 102.362 822
-0.0241576 108.629 742
-0.0783102 116.095 508
-0.0193088 107.304 906
-0.0186647 107.621 870
0.0451377 96.1804 625
0.0280127 99.8584 886
0.0209673 100.621 972
0.0452379 98.6436 1015
0.408906 49.4264 405
-0.034208 104.4 953
-0.433754 142.075 221
0.0295045 94.2912 765
-2.02028 352.665 406
0.1634 73.3128 436
-0.0247892 97.6384 935
-0.199418 117.47 1018
-0.283049 122.303 35
-0.017849 96.0312 951
-0.0321944 96.3989 761
-0.0195631 95.7404 394
-0.194261 118.98 476
0.0430895 86.8328 882
0.0491064 88.2264 966
-0.0138057 97.1844 1002
-0.0224514 96.8622 893
-0.0245089 95.9581 575
-0.0484018 102.418 827
0.0321386 89.5466 887
0.0252698 91.3957 893
0.627687 -12.0475 512
0.0293092 92.5252 861
0.0247454 94.9341 695
-0.0347299 100.64 951
-0.0420473 124.196 827
-0.0250892 118.043 951
-0.0197405 117.813 701
0.0198705 112.901 970
0.0166154 111.483 863
0.186641 97.0191 35
-0.221061 152.434 628
0.530975 62.9595 183
-0.0332698 117.387 981
-0.0219899 115.164 918
0.248966 82.8246 225
0.40841 52.5897 535
-0.0135384 114.672 887
0.359745 67.7338 224
-0.24971 153.935 628
0.31507 68.6841 476
0.300433 58.6327 595
0.0628422 98.2483 602
-0.532221 188.793 662
0.370588 70.0912 253
0.633415 47.9643 40
-0.0157705 109.408 920
0.051751 97.0135 602
0.015158 103.634 768
-0.0341388 109.697 951
0.0270183 102.066 950
0.227513 69.2222 596
0.366771 52.0137 533
0.0375255 102.364 202
0.0208801 104.435 765
-0.270171 139.162 264
0.215007 85.4926 12
-0.0814953 118.602 724
0.0214058 103.994 1002
-0.0365463 113.887 763
-0.0156908 109.359 982
0.0263303 103.974 1004
0.0270363 102.166 605
0.0357893 101.697 967
0.473097 55.2663 247
0.084108 89.8812 402
0.0221461 97.4282 998
-0.120634 116.018 412
-0.0689743 111.889 434
0.377863 44.2042 500
-0.0401986 104.548 625
-0.0291771 101.279 640
-0.255521 123.015 221
-0.0344295 99.9782 982
0.262485 50.7033 628
-0.265491 130.954 508
0.0198907 91.6136 522
0.05526 89.1861 1022
-0.0526457 101.921 720
-0.0915469 110.672 402
-0.670047 213.908 612
-0.0326423 100.772 402
0.0420295 90.7566 395
0.0502924 91.6019 1017
-0.0256182 100.103 951
0.0488378 92.0638 646
-0.116159 113.766 413
0.0799405 85.2479 559
0.0977901 81.0104 559
-0.0322961 124.397 762
0.0311887 112.534 694
-0.0790878 129.852 434
0.397711 65.8978 440
0.0397729 113.431 899
-0.0204826 118.409 642
0.0200356 112.821 970
0.0211335 112.078 395
0.0235561 112.768 993
0.0292793 111.813 971
0.0215108 110.88 995
0.0943506 108.215 738
-0.0242358 117.296 683
0.0168682 111.402 768
-0.0915055 127.426 434
0.033953 108.436 202
0.239006 74.2008 692
-0.0236057 114.366 826
0.0305487 107.066 821
-0.240388 128.743 54
1.24303 38.3881 839
0.255678 87.5252 901
-0.427851 147.334 185
0.0112805 105.534 768
-0.299005 135.552 45
0.0226141 105.398 838
-0.274542 133.416 11
-0.0507995 115.296 656
-0.0213261 112.732 831
0.0203631 106.054 768
-0.362024 142.865 45
0.0155344 106.534 743
0.415399 62.3693 206
-0.0349016 111.968 981
0.0132047 106.961 768
0.0152471 104.726 887
-0.279841 149.864 566
0.0732345 98.5044 646
-0.0389563 113.764 395
-0.037006 112.937 362
0.175758 80.5251 436
0.302347 57.6631 532
0.0342261 95.739 883
0.0315144 99.4084 761
-0.0330072 106.01 827
-0.0274525 102.911 266
0.0963192 83.7415 604
0.595904 32.5331 206
-0.0304527 99.036 701
0.290323 68.6617 12
0.0236143 92.6624 969
-0.0470192 103.006 434
0.0559447 86.1035 824
-0.191138 126.483 596
-0.0515595 104.552 648
-0.0188811 98.6903 906
-0.0343097 100.823 633
-0.0236842 100.775 870
-0.0262673 101.371 768
-0.0244611 102.022 970
0.096494 83.8625 435
-0.0458305 103.041 986
0.0181966 98.163 935
0.0209568 95.8652 1007
0.0183609 116.56 970
-0.0235398 121.007 998
0.0297798 115.238 886
0.0708916 108.138 414
0.0197314 115.076 774
0.0243483 115.238 765
-0.0229686 118.717 982
0.034904 111.462 695
0.0236614 112.291 762
0.019371 112.608 863
0.0500356 109.532 688
0.0346113 109.359 266
-0.0259698 118.607 266
-0.0367302 116.807 0
-0.0248664 117.71 935
-0.0333503 117.843 575
0.030778 109.168 838
0.447359 39.9037 448
-0.0300069 112.969 934
-0.0171553 110.331 934
0.679236 44.6748 426
1.01265 -32.1455 395
0.0274256 105.405 266
0.0355169 105.647 901
0.102082 95.7323 329
0.0477282 101.595 648
-0.0201762 112.299 801
0.018697 106.875 870
0.484085 66.2787 47
-0.0133846 112.232 801
0.0251253 106.985 646
0.0200443 107.643 930
0.0227336 107.35 998
0.0256997 107.751 971
0.107303 95.042 414
0.448661 54.73 226
0.0219609 106.501 995
0.025115 104.765 972
-0.0447544 114.259 724
-0.0252693 109.244 934
-0.162038 126.487 412
-0.0271349 106.507 934
-0.02892 107.17 823
0.332353 66.1425 241
0.0178116 100.134 3
0.028811 95.2941 863
-0.0265905 103.926 715
0.0235154 96.4184 965
0.0243877 96.0998 951
-0.0295321 100.519 742
0.0351455 92.0501 995
0.0172425 95.0012 681
-0.0308155 100.757 756
-0.271667 134.124 477
0.0394287 93.4358 637
0.0348041 94.225 695
0.330342 63.9755 12
-0.0666259 110.064 827
-0.354065 151.078 466
-0.0263004 103.61 980
-0.0256453 101.742 640
0.0369027 97.3296 761
0.0297246 98.0547 695
-0.0272396 104.428 640
-0.012013 123.716 1007
-0.420246 159.632 44
0.0327601 113.534 824
0.0492659 115.281 899
-0.0227195 124.086 998
0.108758 105.591 414
-0.0434141 126.932 827
0.0664683 107.66 559
-0.0253908 121.085 982
0.583019 58.7378 248
-0.0318594 120.464 575
0.318615 62.3554 595
0.0297813 113.863 886
0.0171759 113.996 831
0.0202201 114.905 766
0.023604 114.256 970
0.0177171 112.037 768
0.0926657 100.003 414
-0.0335753 119.374 624
-0.0414421 117.154 3
0.711527 44.075 426
1.34653 -73.4747 395
0.565797 59.1107 158
0.0345986 106.103 885
0.484504 62.2714 139
-0.0350389 114.247 916
0.360353 65.532 440
-0.0266567 114.36 701
0.268098 87.2037 78
-0.0173326 113.887 266
-0.0583564 119.776 573
0.450037 43.0624 499
0.0943269 98.3305 477
0.412737 67.543 174
0.0257694 109.154 742
-0.037351 116.857 640
-0.0202426 113.617 993
-0.0286243 113.249 3
0.0410888 105.81 967
-0.0124985 111.217 1006
-0.0317581 112.036 955
-0.0118144 107.443 957
-0.0211699 108.369 823
0.0343126 99.6502 824
0.119774 87.7037 361
0.0222956 100.017 656
0.0172376 100.961 821
0.529239 58.3716 54
-0.0293311 105.335 524
0.0270994 96.9737 821
-0.0520923 109.457 625
0.0362443 95.6613 1021
-0.0766003 109.578 724
-0.0220023 101.618 1013
0.409112 33.1869 485
0.0190627 98.0487 970
0.0257525 97.3593 898
0.0571989 91.7654 395
0.0404094 97.6409 821
0.431089 46.6802 406
0.0375375 95.5224 882
0.283006 63.2532 476
0.0288272 99.2529 824
0.0439648 95.8509 825
0.0310569 121.292 768
-0.0213466 126.956 426
-0.0446827 129.138 979
0.613229 53.8913 345
0.0203486 119.931 768
-0.0729527 132.86 724
0.432165 60.5408 436
-0.0279977 124.54 982
0.10243 107.651 412
0.607801 53.1672 206
-0.368774 179.733 630
0.206115 87.8293 604
-0.0325776 124.424 981
0.0347702 112.948 883
0.0267021 115.539 765
0.018054 116.494 1002
-0.026186 119.812 934
-0.0319354 118.927 838
0.0288852 112.362 886
0.326262 58.1417 611
0.683506 53.5334 426
-0.64161 242.587 833
0.0195559 112.184 970
0.216918 92.7074 13
0.0400243 109.633 764
-0.308553 162.028 660
0.134992 95.7145 414
-0.267131 160.087 628
-0.0284441 118.721 982
0.669143 -10.4306 921
-0.0217764 118.864 523
-0.0302893 118.821 893
-0.0334492 117.052 986
-0.0388715 121.959 362
-0.0247528 118.572 935
0.146562 91.6952 604
0.107962 98.2398 402
-0.0657922 123.64 434
0.061326 102.994 559
0.0260595 107.295 999
0.0506485 102.037 395
0.0250277 106.023 695
0.0240863 104.701 997
0.0204961 104.398 998
0.0313485 100.656 648
-0.0419126 109.54 981
-0.0538532 108.692 32
-0.0230926 106.958 833
0.0141163 101.535 870
-0.0146855 105.302 768
-0.022167 104.007 935
-0.0307657 105.149 886
-0.0287365 102.688 934
0.318879 58.2335 476
-0.0242741 105.966 1007
-0.0257288 103.653 934
0.0225114 97.2274 927
0.0209725 99.2325 928
0.366949 59.1432 231
0.0202591 101.441 765
0.108372 90.0275 412
-0.0250096 107.179 954
0.493154 48.5245 275
-0.0190334 107.14 715
0.497922 88.2399 54
0.492461 52.1978 465
-0.0255781 129.597 394
0.0250084 121.799 768
-0.035473 130.85 362
-0.0249183 127.093 934
0.272129 75.3043 611
-0.27952 170.946 628
0.29645 72.372 595
-0.0364179 127.741 642
-0.0356831 127.663 640
-0.041258 127.217 982
0.493913 77.6417 158
-0.0322693 126.202 640
0.0897546 109.639 369
0.35424 75.0952 476
-0.346883 180.035 628
-0.0323411 123.151 575
0.225404 83.4911 598
0.0396421 112.254 395
0.709296 56.0239 833
-0.68884 260.281 833
0.0245859 113.241 1007
0.258701 72.1619 595
-0.0202344 117.684 934
-0.0193089 118.245 928
0.632636 48.2905 278
0.45308 63.6828 269
-0.027977 120.309 951
0.191295 87.1914 604
-0.0454647 124.387 434
-0.0228949 118.756 934
0.0288428 113.582 899
0.0168224 114.559 893
0.0356053 113.244 726
0.324837 76.7684 300
-0.0385192 120.244 761
0.0305967 111.128 885
-0.0526759 121.478 1015
0.0284762 111.451 967
-0.026421 116.754 893
0.456191 60.4007 206
0.020502 106.634 854
0.0760758 104.556 739
0.0226112 105.674 970
0.0154464 104.45 994
-0.0163781 109.126 822
-0.0183883 107.958 640
-0.0139978 105.808 743
-0.0201413 107.484 982
-0.0516056 112.133 622
0.0265811 101.028 3
-0.033537 105.441 1005
0.1351 82.2863 604
-0.0525762 107.187 771
0.344398 61.3133 300
0.0163563 101.391 887
0.461288 60.956 40
-0.347326 160.947 660
0.250518 80.7702 13
-0.0295194 109.318 643
-0.0191024 107.642 954
0.0266908 105.216 806
-0.0165394 108.469 821
0.0976962 117.905 402
0.0185633 128.588 941
0.0463411 124.164 899
-0.0189028 130.985 935
0.0338832 123.616 998
0.0535568 120.67 202
0.0855568 109.386 558
0.0214997 121.752 751
-0.0362027 128.834 1005
-0.0240675 128.559 906
0.540014 70.222 246
0.0383685 121.17 886
0.0490458 118.111 601
-0.0250135 127.451 643
-0.32802 177.295 661
0.0213469 121.929 941
0.0331305 118.543 969
0.296296 73.4028 596
0.0444291 115.133 695
-0.0263798 123.147 793
-1.42563 341.679 688
-0.564974 228.206 902
0.0270541 116.304 886
-0.0300672 122.931 524
0.0447508 115.696 839
-0.0278015 122.545 863
-0.212077 144.449 1018
-0.308686 157.025 1018
0.0578632 109.808 625
-0.234065 142.16 35
-0.102918 132.727 414
-0.162063 142.131 508
0.168865 93.3375 435
-0.013622 119.906 935
-0.0290643 121.599 988
0.0369493 114.054 886
0.0112344 116.656 969
-0.234684 139.527 44
-0.0218615 120.488 951
-0.0241371 120.897 756
0.210629 85.7192 436
-0.0334215 114.722 934
0.0120277 110.275 998
0.622387 44.3796 279
0.0134557 107.766 970
0.309018 74.7074 244
0.0191575 105.196 362
-0.0198208 110.48 266
0.328244 57.8731 500
-0.0499724 114.876 827
-0.0458711 111.625 622
0.0224831 102.775 934
0.294118 68.0515 340
0.278798 82.432 55
-0.0290602 109.71 795
0.0815922 89.209 627
0.0173177 102.576 887
0.283695 78.0614 13
0.0154042 104.287 965
0.0331006 104.662 65
-0.0270606 110.416 981
-0.0238275 110.132 639
0.123684 90.3077 604
0.0200881 106.791 899
0.391921 90.9544 313
0.0292384 128.226 863
0.0450635 127.817 65
-0.351101 166.819 12
-0.469642 214.37 611
0.317394 87.1888 436
0.657787 52.6414 231
0.643865 70.5071 158
0.0378307 123.001 824
0.317718 98.3957 13
0.0482133 120.956 824
-0.214025 155.061 1018
-0.0328804 134.777 973
0.0397474 122.649 202
0.0432524 124.695 65
0.0701741 115.273 558
0.810062 35.0191 345
0.0396993 119.087 752
0.0341908 121.673 899
-0.0565806 127.711 902
-1.36891 381.654 395
3.03726 -205.159 329
-0.0331833 126.984 641
0.0197303 118.875 765
0.500111 72.0986 219
0.182352 96.4741 477
0.434343 71.8333 379
-0.019181 125.548 851
-0.0171232 124.204 934
0.288312 73.8175 595
0.0236076 118.528 266
-0.0289898 126.325 833
0.421794 66.2688 256
-0.0173486 123.854 927
0.014344 120.693 870
0.025723 118.012 964
0.199568 102.573 13
0.339976 77.3333 442
0.0328736 116.234 768
0.0505728 115.103 899
0.05341 111.623 646
0.427116 76.9472 51
-0.0132783 114.37 895
-0.0458611 116.68 3
0.0616241 106.866 839
0.321246 58.099 485
0.0336395 106.068 713
0.0652715 99.6116 602
0.437936 36.8546 485
0.0188664 105.052 695
-0.0199887 110.169 490
0.0235288 103.833 718
-0.0295968 110.814 642
-0.0198732 109.189 619
-0.0369076 113.288 624
0.0621349 94.7632 627
-0.0845401 118.311 414
0.0458965 100.028 395
-0.0614304 117.268 434
-0.0323902 111.97 982
0.066891 98.8539 602
0.0535138 104.344 34
-0.0204577 113.924 935
-0.0158823 113.518 490
0.0385773 132.036 899
-0.0469837 144.161 362
0.0306685 131.225 765
0.0296093 130.757 887
0.0453302 127.075 202
0.579009 70.5352 312
0.0275215 130.424 898
-0.0410319 138.665 953
-0.0311421 137.699 654
0.0617445 122.073 824
0.029177 128.683 968
-0.0778252 143.828 600
-0.126775 152.4 434
0.0492489 126.999 1022
0.0796341 122.279 1015
0.28391 97.2877 308
0.367204 85.7035 275
0.496708 41.1737 611
-0.31108 157.198 44
0.215865 87.9991 616
-1.31221 377.435 395
-0.365146 235.367 726
-0.0417987 128.968 743
-0.0373801 128.816 951
0.0326874 118.446 768
-0.0303009 127.653 642
-0.023969 126.921 640
-0.0431432 132.019 795
0.0548528 115.229 625
0.0514618 118.972 821
0.0207854 122.304 887
-0.0368433 130.19 979
-0.0283708 128.747 640
0.266813 87.5628 436
0.0398693 117.786 824
0.0843858 109.409 558
0.528924 50.9073 436
0.0286685 118.336 882
0.015435 121.159 768
-0.0165201 124.689 918
0.484189 67.3658 312
0.0328015 112.806 768
0.0247326 113.257 899
0.0132759 114.139 768
0.0317295 108.456 824
-0.0327801 116.707 575
0.0679885 99.5408 558
0.134478 91.375 603
0.0189848 108.925 886
-0.0284574 113.167 934
-0.0336916 113.706 918
0.469035 51.1799 224
0.524525 49.6333 311
-0.0342772 111.811 640
-0.022474 111.307 951
0.32881 63.4309 370
0.0333096 102.326 694
-0.0235073 111.754 742
-0.0502753 117.111 573
-0.0244529 113.41 935
0.0379633 106.325 882
-0.0418698 119.169 982
-0.0295562 116.465 701
-0.0224349 116.206 979
0.0197859 135.589 1007
0.0403226 130.228 826
-0.0637057 144.46 656
-0.0470762 140.321 901
-0.0301149 139.888 640
0.0314171 130.707 932
0.0536538 127.245 683
-0.0507827 140.777 761
0.467123 57.1606 519
0.0523133 130.588 901
0.0161373 131.942 490
0.229542 99.3815 604
-0.0258598 137.693 951
0.055994 129.54 764
-0.0290281 139.122 973
0.517402 80.1787 248
0.0328315 127.064 886
-0.0333514 134.985 524
-0.349164 162.841 45
-0.203847 148.267 855
-1.07425 346.003 395
-0.0501068 197.706 934
0.512614 56.8093 436
-0.0312364 130.903 434
-0.345262 182.303 660
-0.0345351 131.546 981
-0.0201683 128.738 3
-0.0355081 133.505 234
0.0489565 123.463 96
-0.0282002 131.107 641
0.273403 89.9406 478
0.0831143 118.212 361
-0.0229175 131.018 979
-0.0285664 130.088 957
0.0252588 124.431 972
0.0391312 122.92 967
0.516212 52.4457 352
0.0224929 122.507 998
0.0775589 117.467 96
0.124077 108.098 414
-0.02641 128.297 831
0.0426441 113.661 395
0.0204455 115.061 1001
0.029542 114.617 901
-0.0380524 121.115 981
0.0182068 112.594 1013
-0.0616576 118.297 32
-0.0392701 119.19 916
0.0259136 107.733 625
0.0381276 109.756 3
0.0275474 108.715 970
-0.0114556 112.368 870
0.0170338 108.292 863
0.0182106 108.113 490
-0.0283621 114.201 761
-0.265294 147.427 508
0.0308251 103.241 827
-0.033004 115.64 633
0.029533 108.328 966
-0.043615 119.522 656
-0.0443252 122.747 362
0.0570617 105.641 625
0.0440388 113.64 65
0.562745 58.3422 253
0.548536 64.6692 436
0.042794 134.102 899
-0.0206244 140.347 951
-0.0436692 143.334 982
0.253974 100.419 466
0.0306963 134.872 967
0.268025 99.1783 533
-0.0594583 148.022 724
-0.0548976 148.265 362
-0.027413 142.544 645
-0.0895405 150.503 414
0.697479 62.531 245
0.0288718 133.611 765
-0.196539 150.411 677
0.0296958 130.372 999
0.0530585 128.294 202
0.0367309 129.411 929
-0.0309366 135.52 951
0.298185 91.771 476
-0.182743 149.059 394
-0.767988 301.857 395
0.0448006 189.999 934
0.479739 61.6057 395
0.61392 61.122 206
0.0907575 122.762 740
0.627005 31.2764 420
0.0393064 125.391 202
-0.0284746 134.092 794
0.225924 108.633 35
-0.0180456 132.784 716
-0.0199418 133.661 490
0.556308 73.9358 138
-0.0776064 141.744 434
-0.0339765 134.246 763
-0.0386676 133.288 806
0.0224857 127.577 898
-0.171864 153.613 508
0.268969 103.111 13
-0.075933 140.419 434
-0.0295012 130.753 643
0.793354 39.041 312
-0.0341085 128.64 833
0.022157 118.268 1005
0.100576 107.235 329
0.125287 96.7781 559
0.0122857 115.853 979
0.0903286 104.621 369
0.0954131 102.958 413
0.0227386 111.841 826
0.458039 65.1147 317
0.315934 76.6525 308
0.0269406 110.325 765
-0.433797 189.117 611
0.0201452 109.576 887
0.129036 96.6729 412
0.0564413 103.453 648
0.409091 58.9375 439
-0.025501 117.085 633
0.0329605 108.971 654
0.02416 111.865 957
0.316364 79.852 308
0.0646684 105.449 558
0.392099 56.7972 495
-0.0273322 121.704 266
0.0265914 140.388 695
-0.041236 146.464 982
0.0243899 138.673 970
-0.0363823 145.631 524
-0.0306984 142.333 934
-0.0368475 145.979 935
0.0391119 136.603 202
0.0211309 139.689 886
0.0307908 136.602 767
0.0769254 129.521 402
0.0224744 137.987 234
-0.0259707 141.233 934
-0.0298893 145.506 394
-0.0372537 145.39 981
-0.0508104 145.396 575
-0.0247984 141.515 902
-0.0686062 141.777 988
0.0333695 132.662 970
0.318783 83.1806 596
-0.161299 147.216 833
-0.237479 213.11 928
-0.574252 272.796 436
0.952105 -1.51348 395
0.0135533 129.212 523
-0.0351333 136.314 954
0.339793 83.7764 354
0.0749052 125.484 96
0.463896 89.2137 40
0.226567 110.899 13
0.0901134 119.589 369
0.0448668 128.431 869
0.387785 79.8798 511
0.0174934 130.713 969
0.277249 82.5896 611
-0.0162914 136.45 992
0.0421899 125.898 824
0.0150075 130.967 768
0.462913 78.6118 276
-0.338854 185.46 660
0.532968 69.6996 240
0.0344957 122.432 824
-0.0469947 133.969 625
0.0622184 112.401 559
0.217391 92.4293 503
0.295538 68.68 611
-0.342654 174.22 661
0.0332285 114.269 824
0.0270369 114.799 882
0.0760511 106.815 369
0.0451966 110.078 972
0.428565 54.0791 535
-0.0582866 123.227 724
0.0201847 112.236 969
0.0509496 110.027 65
0.0227375 112.773 761
0.00923599 113.046 870
-0.022073 117.097 979
0.00881175 113.978 490
0.580769 34.6683 538
0.255775 90.3553 12
-0.0655581 127.34 725
0.0480411 115.264 869
0.0214727 118.307 765
0.119823 103.186 414
0.018023 143.746 768
-0.0330647 148.366 976
0.0474723 135.674 751
0.024896 140.427 765
0.0619894 138.051 764
0.107978 130.142 369
0.310586 97.5346 466
-0.0333974 147.107 643
0.454184 107.184 54
0.033715 136.972 752
-0.0341544 148.151 715
0.26531 101.808 603
-0.0568409 150.545 575
-0.511287 225.575 630
-0.025491 144.349 935
0.0483506 133.461 694
0.24962 106.166 415
0.0239634 135.468 765
0.0251631 133.653 768
0.343497 77.609 656
0.793822 65.2702 743
0.240727 152.948 882
-0.499156 234.079 833
-0.0307772 138.653 640
-0.282766 177.616 692
-0.0351498 138.898 935
0.363757 76.1736 596
0.019135 133.264 972
0.0451946 133.121 65
0.0327653 130.527 995
0.452636 77.1509 440
0.110951 118.916 402
0.413492 79.5207 370
0.0705631 127.516 967
-4.2398 833.541 660
2.2381 -221.188 596
0.779427 27.3721 436
-0.0310657 136.826 918
0.304261 104.76 13
0.0312379 128.736 968
0.0407379 127.221 899
0.30303 75.8788 595
0.0253416 122.254 768
0.0481709 119.586 929
0.0336261 119.258 821
-0.0353452 128.226 827
0.0191149 118.832 998
0.399752 54.2845 480
-0.0352242 124.133 981
-0.0269132 123.486 683
0.136979 103.603 35
0.0677067 107.111 435
0.0252923 113.261 768
0.0287711 113.276 899
-0.0288464 120.397 982
-0.0970333 129.639 413
0.13108 98.2707 369
0.0839687 101.392 627
-0.0360734 122.458 822
-0.331895 169.691 692
0.0582434 114.897 929
0.375482 86.4843 78
0.580096 58.3312 311
0.389558 66.6358 353
-0.0322163 153.712 524
0.0272404 142.938 927
0.0334582 142.923 998
-0.0232313 149.324 935
-0.031429 152.476 831
-0.340052 190.094 1018
0.649304 76.74 278
-0.0965435 153.496 839
-0.0891177 163.94 627
-0.050322 153.564 953
0.0311777 141.794 886
-0.029917 150.276 981
0.112947 131.074 414
-0.0273555 149.849 1001
0.0319971 140.602 851
-0.462558 219.654 660
0.250008 118.726 35
0.0329909 136.023 831
0.2118 108.302 603
0.63702 22.6536 656
0.591266 41.438 928
-0.266605 240.899 395
-0.542871 248.381 833
-0.0269195 142.333 833
-0.0259831 141.289 979
0.333543 97.636 1018
0.0467015 134.235 966
-0.043902 144.414 953
0.0382044 134.005 886
0.387344 79.1095 532
0.322738 107.146 35
0.184663 113.407 436
-0.541917 224.095 661
0.319256 95.8006 433
-0.137642 177.34 824
-0.159532 175.709 573
2.11606 -52.0323 40
-0.223775 168.052 508
0.0286427 133.439 998
0.0170774 132.6 832
0.689358 54.2726 345
0.451224 84.1229 139
0.0424216 121.467 648
0.0264261 123.458 970
0.359912 61.588 611
0.0382796 118.902 972
-0.09789 137.719 414
-0.0167526 125.436 394
0.014921 120.509 640
-0.0257489 125.321 266
0.0334613 117.175 899
0.0154508 117.605 969
0.351064 72.633 471
-0.0154084 121.311 935
0.374776 69.7776 371
-0.177109 144.027 508
-0.148026 142.553 656
0.112116 115.06 768
-0.139036 149.844 640
-0.139774 154.029 642
0.14105 114.577 768
-0.150729 151.855 642
-0.0551853 134.896 935
0.0306024 121.767 970
-0.049257 154.955 934
-0.0537128 152.309 32
0.0233044 146.416 749
0.0324938 146.01 966
-0.270482 175.114 45
0.249932 111.718 604
-0.0878579 166.013 625
0.037016 144.378 831
0.0131955 148.337 768
-0.05271 157.347 624
-0.51284 230.4 661
-0.0446113 154.006 953
0.0212789 146.231 998
0.033411 143.083 968
-0.0785721 163.292 627
-0.0212974 149.986 951
-0.0257871 148.646 972
0.148088 121.708 604
-0.0165222 146.587 1007
0.215391 76.0448 959
-0.350202 139.997 955
-0.275134 241.542 395
-0.480459 247.455 833
0.0301275 136.283 521
-0.0243602 143.83 982
-0.0325809 144.182 957
0.025989 137.223 362
0.0393362 138.932 901
0.0253539 137.426 999
0.0445102 138.47 764
-0.0891829 156.936 434
0.494201 79.8559 440
-0.0562639 148.559 637
-0.0274886 151.649 824
-0.417747 212.059 414
0.297607 142.544 65
-0.124603 181.715 934
0.146174 130.558 970
0.102799 122.989 434
-0.0426084 140.216 32
0.0327453 130.791 970
0.0346156 126.537 824
-0.0268379 133.899 979
0.0651976 118.187 694
0.514118 60.7562 440
0.21164 90.9306 596
0.246277 101.401 35
0.0322084 121.414 764
0.273962 97.3152 13
0.0380194 119.942 764
-0.0250536 126.34 458
0.302335 79.9787 436
-0.0298358 125.469 642
-0.0259602 121.295 934
-0.0210105 123.152 743
0.142736 104.196 412
0.257931 86.9056 508
-0.188852 160.071 824
0.995576 -6.4834 509
-0.141911 164.289 768
0.165147 124.755 642
0.117836 125.914 982
-0.0512728 141.588 394
-0.197335 156.516 433
0.205949 126.281 414
-0.0179523 156.042 863
-0.0243037 155.453 951
-0.105569 167.812 413
-0.177158 177.909 508
-0.0971373 168.984 435
-0.0395621 159.903 756
0.0297056 147.91 882
-0.02487 156.776 640
-0.035281 156.847 642
0.148715 132.755 414
0.0358073 147.892 202
0.127975 135.467 477
-0.0335184 157.026 854
-0.392161 214.062 661
-0.0283369 155.122 716
-0.0344429 154.439 833
0.0163162 145.114 972
0.105584 129.19 616
-0.828304 219.788 573
-0.479041 175.569 266
-0.333225 250.728 395
0.396297 114.489 832
0.0560791 135.753 395
0.323463 88.7815 595
0.0227171 140.115 972
-0.0368952 147.734 701
-0.283368 179.067 1018
0.0356038 143.148 742
0.0265516 142.195 970
0.0573252 136.175 694
0.405698 89.6732 436
-0.0379646 152.325 763
-0.0964972 155.12 96
-0.0330999 151.61 768
-0.108915 168.319 768
-0.279624 202.913 695
-0.208138 194.722 979
2.41393 -185.945 436
0.167573 111.967 559
0.0325713 134.132 695
0.0839933 123.904 600
0.0686702 120.923 627
0.0240165 128.621 768
0.461233 67.2951 436
-0.0378104 133.943 681
-0.236676 150.402 44
0.125442 108.903 435
-0.0907557 139.433 434
0.354725 73.9128 534
0.259795 77.5025 615
0.019642 122.735 934
0.229028 93.2394 447
-0.0596224 130.343 872
0.222222 87.8958 596
0.0389456 119.904 901
0.604938 54.5046 195
0.038349 118.231 619
0.0276143 123.833 934
-0.0416621 135.841 767
-0.0275314 134.459 961
0.102769 124.9 934
0.0973251 123.569 982
-0.0389981 136.968 979
0.155504 148.356 738
-0.0286179 161.424 895
-0.0238739 157.467 951
0.0252266 152.086 426
-0.0249335 158.708 933
0.0295722 152.558 882
0.417268 122.51 54
-0.0411544 164.242 362
0.0392376 153.911 966
-0.0325263 160.393 743
-0.0182454 158.625 742
-0.124141 174.486 434
0.0436959 150.687 821
-0.0320137 159.892 935
0.0352492 151.767 899
-0.0324524 157.674 742
0.504065 64.0894 628
0.350894 116.093 35
0.467827 68.6246 616
-3.15501 509.78 329
-0.634717 209.502 266
-0.344888 252.235 395
0.363223 136.812 1013
0.0187089 144.153 768
-0.022416 148.975 935
-0.0307289 152.329 625
0.0670194 140.463 96
0.0983 130.796 559
0.0238276 146.81 743
-0.0309223 152.778 981
0.121288 130.117 604
0.1291 129.881 402
0.0266892 142.276 973
-0.439601 198.741 231
0.768617 45.2021 471
0.653749 52.4015 535
0.104434 129.379 602
0.503017 71.6767 433
-0.24908 194.245 824
0.0947871 142.078 982
0.0885684 133.991 695
0.0991481 124.062 402
0.138951 115.505 435
0.0304002 129.788 751
0.0305434 130.928 761
0.351064 85.0705 471
-0.0380621 136.831 645
-0.0248437 132.767 979
-0.0254055 132.527 979
-0.0409782 134.694 642
-0.0549046 135.084 642
0.715362 63.6994 158
0.0436787 123.02 768
0.466491 68.3859 440
-0.361988 185.866 660
0.032803 121.458 234
0.0371109 121.324 1005
0.262111 89.3444 436
0.421139 60.8086 494
-0.123037 143.633 412
0.0306814 125.134 970
0.0238418 126.786 829
-0.0259868 135.86 266
-0.365183 171.842 311
-0.0332564 163.873 767
0.0431958 153.3 761
0.0769547 152.446 839
0.0267856 155.037 718
-0.436163 194.283 54
0.0491143 155.176 761
0.275582 122.767 415
-0.0362683 161.772 793
-0.259439 183.362 11
0.0122108 156.221 768
0.0358082 152.555 763
0.0342724 151.302 362
0.0217381 155.166 870
-0.0358935 162.736 886
0.384399 113.922 345
-0.0434637 161.87 524
-0.0317447 156.035 934
-0.068736 159.411 1015
0.735026 18.9848 616
-1.07414 293.169 616
-0.631595 229.49 999
-0.372112 255.544 395
-0.490274 230.394 869
0.295781 108.206 436
0.0317102 146.454 899
-0.0363127 156.626 362
0.0271928 147.074 928
-0.0216927 153.455 742
-0.0302045 156.179 959
0.0275266 147.364 234
0.0681465 143.465 1015
-0.155512 172.849 508
0.249559 115.908 325
0.464275 78.601 532
-0.0445955 155.652 642
-0.0335889 153.447 951
0.0437452 144.643 899
0.402325 95.8377 442
0.0550247 143.114 65
-0.236273 175.906 412
-0.209629 169.548 412
0.419753 91.331 195
-0.0230062 139.164 0
0.0398115 131.608 854
0.0280181 131.081 1007
-0.133577 150.9 412
0.0243132 128.585 362
-0.0305485 136.054 833
0.576127 66.4599 311
-0.0329661 134.04 966
0.423328 68.3328 433
-0.0332881 136.26 768
-0.310847 181.215 596
-0.0328533 134.185 678
0.0496308 123.521 601
0.0216171 128.509 768
0.239295 94.0557 604
-0.162199 157.835 434
-0.191413 162.116 3
-0.136742 154.339 434
0.0603929 126.755 768
-0.0534254 140.709 642
0.0593943 129.513 899
0.416667 65.375 596
0.0245917 158.668 768
-0.431975 228.006 661
-0.0247472 163.106 756
-0.0249706 164.671 930
0.0319061 155.989 824
0.0407749 157.809 966
0.16191 152.734 738
0.0287461 158.669 967
-0.0389659 165.674 935
-0.0909525 165.363 32
0.0476101 153.175 648
-0.0366229 165.492 624
-0.0365327 165.631 616
-0.016543 160.661 934
-0.0419777 164.788 953
0.0287173 157.628 901
-0.0270708 160.367 979
0.436329 115.411 158
0.672969 34.6012 648
0.807133 19.9907 887
-0.475043 173.872 935
-0.375036 255.562 395
-3.24323 593.112 412
0.249994 117.005 395
0.0331355 149.199 869
-0.0307304 156.383 953
-0.0259496 155.592 935
-0.050498 161.605 266
-0.0718264 164.359 656
0.483496 75.5391 485
0.0431216 150.557 821
0.626689 75.5407 440
-0.0218278 155.903 935
0.221015 124.136 414
0.0286016 150.312 768
-0.0245286 155.268 678
0.259461 113.327 603
-0.558824 231.743 433
-0.517063 202.405 141
-0.0387222 154.125 524
0.0264881 140.878 831
-0.0531028 147.342 916
0.0335527 133.733 962
0.0444114 131.716 752
-0.26718 161.515 44
-0.029492 138.335 935
-0.0263521 138.833 715
-0.37031 193.416 630
0.257538 99.984 441
0.16799 106.12 604
0.0488078 126.675 821
-0.0409829 137.818 694
0.045682 123.753 824
0.0532725 123.737 824
0.0654497 129.397 971
0.0562105 128.269 695
0.166985 107.701 558
0.0468013 133.391 901
-0.466334 198.471 1018
0.0689719 133.106 899
0.017965 135.735 998
-0.0357823 141.521 821
-0.0297767 141.972 426
0.419231 76.3942 538
-0.0260274 167.514 833
0.503102 106.387 206
-0.03068 166.23 935
0.0330434 160.744 934
0.364307 122.816 309
0.0945642 150.277 435
-0.0519177 173.482 362
-0.595005 228.718 132
-0.0590787 170.936 1017
0.0226576 160.033 490
0.0395518 158.2 899
-0.463158 211.339 205
-0.025371 164.448 918
-0.0305954 166.678 686
-0.0307354 165.143 869
0.0176348 159.415 715
0.121128 141.446 724
0.0705837 145.432 852
-0.465131 200.982 426
-1.05045 284.977 648
2.58831 -245.48 414
-0.399063 258.81 395
-0.380137 235.08 833
0.524649 80.4754 395
0.0573839 149.243 34
0.0173501 152.554 898
-0.0258079 157.346 934
-0.300076 192.476 1018
-0.0450316 162.962 656
0.0217983 155.388 934
-0.0339968 161.135 979
0.14145 130.646 627
0.0266178 152.846 951
0.0241736 153.007 765
-0.110832 170.658 412
-0.266474 188.884 406
-0.0336654 158.155 979
0.020629 149.965 957
-0.0240693 156.673 266
-0.0354375 153.96 902
-0.0513392 155.612 827
0.350218 110.752 13
-0.0507403 148.575 575
0.0513144 132.183 395
-0.050558 146.374 434
0.332628 85.6356 420
0.402854 75.1763 532
0.59712 68.7643 345
0.345479 104.264 153
0.30721 89.3361 387
-0.216584 163.306 508
-0.0246395 135.241 951
0.0523148 123.209 824
-0.233183 162.062 447
0.0277262 130.076 893
0.622472 36.2293 630
-0.0660482 147.199 768
-0.0979345 157.831 768
-1.00242 316.537 595
-1.02785 277.125 442
-0.0593632 152.317 887
-0.618053 248.235 594
0.0441963 135.997 980
-0.0456513 141.239 701
0.0380002 163.889 838
0.0241129 161.631 962
0.739636 74.7089 260
-0.0656885 173.971 916
-0.0243682 170.738 633
-0.0203773 170.717 893
-0.0658715 179.23 362
0.260582 123.653 596
-0.0252208 169.255 640
0.0568006 160.84 764
0.354805 105.518 595
0.0398383 158.924 972
0.483577 87.445 448
-0.0315331 167.848 954
0.0258449 160.783 950
-0.308696 193.527 45
0.174286 137.533 414
-0.0244625 164.134 931
0.65377 58.2999 743
-1.00424 281.99 648
0.911398 -6.82205 885
-0.372029 256.156 395
6.12505 -865.344 628
1.32958 -20.2491 477
0.278894 121.97 441
-0.0330049 162.201 954
-0.0517469 167.082 625
0.0394258 151.454 887
0.0209399 156.538 768
-0.0310111 163.249 1005
-0.0151016 162.643 426
0.0373263 155.781 695
0.299819 123.867 1018
0.0789682 144.384 627
-0.263226 192.052 1018
0.196647 128.307 603
-0.0431795 163.638 981
0.0309727 152.666 970
0.651551 61.9663 535
0.0477442 146.839 695
-0.0257426 153.435 394
0.0317996 142.817 768
0.0591587 139.468 1022
0.0222022 141.413 765
-0.0451994 145.985 3
0.346597 81.7048 594
0.0239918 137.624 768
-0.0276975 140.576 1017
0.0340541 133.32 695
-0.0422164 145.602 625
0.623529 72.4471 253
-0.0357419 140.364 957
0.0969403 116.856 627
0.293674 97.9057 225
0.0346615 133.49 65
-0.0313317 138.318 976
-0.462767 205.146 662
-0.0438518 142.948 833
0.0195618 132.897 998
0.0307273 132.357 833
0.48265 91.028 221
0.0136478 136.044 801
0.0286001 134.972 882
0.412252 96.9258 138
0.346154 121.159 538
0.0230884 166.559 768
0.0244694 165.997 768
0.0356089 163.853 831
-0.0246554 172.938 642
0.0411708 166.657 646
0.54761 124.935 54
0.637255 105.483 253
0.0621197 163.324 929
0.0272566 165.057 768
0.0801962 155.091 525
0.0265321 165.194 718
-0.0321535 171.659 935
-0.0497849 174.846 981
0.0175322 165.585 970
0.439446 112.291 340
-0.020433 167.359 935
0.31383 122.791 471
1.01879 -15.1704 656
0.697459 35.4694 713
-0.749361 270.046 554
-0.339594 251.971 395
-0.605355 238.927 869
-0.398925 220.43 490
-0.388063 184.889 768
1.17164 -50.6442 625
0.235139 144.535 970
-0.0252758 165.376 951
0.0721417 153.34 414
0.0483725 154.763 826
0.0161992 161.663 715
0.293747 123.129 511
0.0117537 162.375 799
0.209705 137.382 342
-0.0170269 165.658 953
-0.0336103 168.468 618
0.161037 151.972 738
-0.0442805 163.894 988
0.0244597 156.224 1005
0.0392161 151.143 648
0.0402704 148.699 899
-0.0360826 152.887 0
0.0250953 144.138 979
0.0244584 143.022 1001
-0.0319204 149.43 979
0.380569 85.5626 420
0.0550444 133.303 558
-0.0319794 145.224 981
-0.0147532 142.807 642
0.413641 100.773 183
-0.0267999 141.695 935
0.0157037 136.31 768
-0.0279103 141.818 640
-0.23381 173.13 692
0.0428354 132.767 742
-0.0182131 140.537 979
0.427178 96.071 74
0.0256331 134.855 970
0.166222 121.173 13
0.378516 88.3877 476
0.148224 131.716 738
-0.0311606 147.448 523
0.128339 123.398 604
-0.0338771 147.565 362
-0.134825 192.296 604
0.0241745 167.59 972
-0.05253 180.077 627
0.227056 136.85 420
0.474561 133.089 60
0.244524 139.187 478
0.032061 168.119 966
0.0323543 169.025 764
0.0971373 157.579 435
-0.023018 175.003 831
-0.0445501 176.448 678
0.202971 139.942 604
-0.0236288 173.149 954
0.0515045 162.094 824
-0.0305432 174.248 715
0.0391146 163.221 648
0.027793 163.513 995
-0.0579044 175.49 953
0.831084 -9.94866 395
0.690653 41.2047 713
2.17215 -260.81 627
-0.419054 263.741 395
-2.64525 525.05 412
-0.773013 259.409 426
-0.179577 117.776 767
-1.27244 339.294 395
-1.17579 328.347 414
0.0220544 161.97 950
0.0589303 156.51 851
0.0292622 160.885 1002
0.0572537 160.954 821
-0.0318039 168.477 934
0.0269545 162.226 957
-0.0618419 174.52 434
-0.0440182 169.458 806
-0.0230278 168.02 394
0.0832454 151.823 402
0.46263 99.0942 325
0.613823 95.4336 244
-0.0254891 161.322 934
-0.0360626 160.571 642
0.0339387 148.152 768
-0.044841 155.035 981
0.290669 110.702 415
-0.311811 197.676 660
-0.133123 162.342 412
-0.0540929 153.442 694
-0.0304544 148.529 882
-0.0298531 148.038 832
-0.0197209 147.197 458
-0.0205247 144.308 935
-0.0221703 142.64 934
0.0168233 137.91 970
-0.0410812 144.734 953
0.0206243 137.081 768
0.0618785 128.835 559
0.0260781 136.186 972
0.319444 88.0729 596
0.281892 104.916 442
0.0404936 138.204 901
0.111892 122.702 627
0.0134337 141.761 765
-0.28937 171.91 44
0.351315 93.8281 436
0.0354905 167.587 648
0.0532806 166.584 1023
0.0160534 169.34 972
0.0168044 170.331 899
-0.512969 259.738 628
0.0528375 166.226 713
0.373923 114.73 448
0.454442 132.155 40
0.125211 155.042 603
-0.0437719 177.879 646
0.0388196 170.452 899
0.0262701 170.15 765
-0.0273017 176.18 742
-0.0265793 177.386 831
0.0192718 171.402 742
-0.0199388 173.787 934
-0.0229955 173.67 935
-0.0451967 175.578 637
0.519741 27.616 395
0.775198 36.0871 681
2.5661 -212.161 414
-0.460367 270.372 395
-0.437347 247 713
3.5238 -304.17 329
0.659419 15.7152 967
0.782235 59.6665 821
0.256004 119.79 490
0.191994 151.201 901
0.0845898 151.715 490
0.0256336 163.971 1007
0.0333605 163.178 886
0.0220233 164.128 886
0.673203 84.7369 304
0.107267 148.795 559
0.301754 138.523 79
-0.0212046 170.593 794
-0.0252693 167.244 934
0.547945 71.2397 519
-0.0172119 166.21 426
0.0572177 155.963 901
-0.0422009 160.308 934
0.607642 76.0635 256
-0.0437509 158.845 524
0.335153 118.084 13
0.497908 68.2479 485
0.0545468 139.679 395
0.614072 98.5842 57
0.134421 126.145 402
0.380432 109.143 13
0.0186095 142.979 768
0.143204 121.466 604
0.0233075 140.655 768
0.0294842 139.824 986
0.637081 60.9669 440
0.0767983 130.09 602
0.178557 116.751 477
0.672577 71.3606 171
0.378232 105.73 13
0.380449 91.5024 476
-0.295501 163.43 899
0.478826 63.4963 642
-0.340641 165.972 899
-0.221698 162.61 899
-0.241909 161.58 899
-0.025561 176.404 524
-0.022036 175.72 523
-0.0336893 175.772 806
-0.0338966 175.709 901
-0.373662 236.012 560
-0.0387094 179.804 656
0.0250481 170.656 928
-0.0276111 177.414 957
-0.0197854 175.213 934
-0.039258 180.972 795
0.455211 104.522 499
0.0268501 169.908 762
-0.0394457 179.161 1005
0.02335 172.294 901
0.0157206 172.12 768
0.0719804 161.951 402
-0.0236118 174.594 933
-0.209448 184.914 839
-0.234905 141.959 751
-0.903629 278.805 885
7.93109 -1199.15 628
-0.462206 270.847 395
6.0933 -852.566 628
-0.796638 254.988 726
0.601906 32.0664 681
0.180668 127.481 927
0.341938 117.776 951
-5.503 754.193 132
0.751544 57.1221 625
0.219742 162.353 768
-0.330933 227.883 642
2.65287 -193.804 436
-0.0270176 173.542 799
0.0167652 164.169 895
-0.28063 214.387 629
0.0115621 166.971 1007
0.0876824 152.817 558
0.0157401 164.031 998
-0.0296268 169.573 829
0.0287677 159.301 695
-0.0216014 162.239 833
0.0470714 149.508 648
0.11126 138.478 477
-0.0352946 156.677 1021
-0.0722679 159.733 1015
0.0194684 147.46 762
-0.0280443 153.208 886
-0.0269797 150.469 823
0.0395841 145.073 934
-0.378704 192.398 194
-0.200095 161.771 901
0.0126476 142.686 943
-0.0160589 146.311 640
0.0188887 139.724 903
0.106695 129.846 413
-0.0694681 153.592 434
-0.441794 186.303 139
0.0240951 140.923 768
0.0643946 140.327 761
-0.453652 188.133 426
-0.563197 180.521 763
-0.305208 145.161 927
0.438285 60.0584 833
0.385465 65.1007 898
-0.0380514 179.753 601
-0.01616 175.02 918
0.0847114 157.192 627
-0.0296218 175.836 957
-0.058683 180.851 656
-0.0307468 179.073 953
-0.0346761 178.056 1005
0.01645 173.066 995
0.0162688 172.483 768
0.0381842 167.861 618
-0.0397758 179.546 821
-0.020706 176.969 934
-0.197157 194.067 35
0.0173882 173.26 765
0.0459444 171.027 988
0.0528901 163.815 558
0.0303503 168.542 575
0.458265 92.6015 616
-0.41731 184.087 852
0.616478 61.1926 713
-3.27078 612.283 413
-0.518625 279.21 395
-2.25277 495.404 413
0.445757 105.701 1007
0.5608 35.1699 833
0.358017 122.759 951
-0.217203 197.614 824
0.553788 35.9702 864
0.698962 72.1636 742
0.554594 86.38 678
-3.01184 568.589 414
-2.15931 462.241 414
0.0348441 165.061 824
0.128816 152.193 414
0.0324263 165.926 831
0.0245682 166.311 831
-0.0197975 173.389 490
-0.0254529 170.646 951
0.0172961 164.67 999
0.0318455 160.639 832
0.112626 145.135 600
-0.0315619 161.615 678
-0.0248162 157.215 701
0.0265333 150.833 523
-0.0224443 154.347 934
-0.0602483 157.233 96
0.0269775 147.408 935
-0.0181772 151.217 3
-0.220899 186.014 596
-0.182858 163.778 902
-1.02076 263.871 656
0.0812605 142.803 768
-0.0954815 163.522 625
0.0188489 141.915 927
-0.0422876 149.769 869
0.0718264 140.542 899
-0.224986 185.739 624
0.125919 137.51 970
0.477337 78.6997 603
4.69715 -653.357 660
-0.488809 154.496 648
0.453235 16.5133 618
-1.32269 337.957 559
-0.783158 195.859 646
0.37863 108.187 628
0.0299917 169.007 979
-0.0157337 174.194 768
-0.0314759 178.005 266
-0.027731 176.472 678
0.0266576 171.073 957
-0.376972 211.336 221
0.0361822 173.356 0
-0.0229092 178.057 556
0.0378925 172.612 0
0.0227698 173.045 935
0.0257006 173.376 935
-0.0822772 186.621 412
-0.121119 192.305 414
0.0274263 172.712 979
-0.0241371 178.628 686
0.0362323 169.839 202
2.657 -176.383 329
0.175279 77.0131 751
-1.12752 305.967 656
0.237506 139.697 768
-0.235862 227.969 928
-2.42248 494.722 412
0.517713 129.68 1022
0.515295 44.9217 426
-0.202215 179.682 869
-0.315251 196.562 951
0.929972 21.7149 824
4.37864 -228.796 35
-0.399133 231.281 713
0.452462 107.177 678
-0.648353 266.633 395
-0.0607218 177.537 933
-0.0213561 174.846 935
0.196299 152.054 97
0.338183 129.783 415
0.0377837 170.169 899
-0.0636893 180.885 642
0.0541226 166.929 766
0.076581 160.201 968
0.0726122 157.412 768
0.0389285 158.941 766
0.101128 147.69 824
0.11994 144.364 824
0.125963 138.921 824
-1.0398 256.157 44
0.124299 139.761 824
-0.105519 172.195 951
0.565084 75.5087 573
-0.389453 196.978 824
-1.10426 301.167 656
0.217409 147.039 824
0.406103 111.182 824
2.63385 -171.844 415
0.0700998 147.929 824
0.143033 139.478 414
0.044747 151.727 981
-0.0667317 170.133 1022
3.94863 -496.306 660
-0.301403 148.703 458
0.399021 37.7002 855
2.39075 -230.394 508
-2.94386 604.509 628
-0.29321 149.668 794
-0.0391214 177.327 951
0.0257297 170.109 829
-0.0251835 176.976 998
0.0429808 168.318 524
0.0328921 173.218 802
-0.198317 208.248 660
0.377058 142.482 126
0.028846 173.592 768
0.033408 172.152 695
0.0929115 163.696 369
0.0346569 172.372 950
-0.032863 181.334 640
-0.0277842 179.724 951
0.0283761 173.677 995
0.778949 89.8285 345
0.326027 121.48 519
0.0224864 172.367 869
-0.699421 239.42 855
0.840797 -13.3532 413
-0.610829 229.027 928
2.70028 -215.053 413
0.141837 179.457 762
-0.445207 249.138 713
2.32619 -159.738 413
-0.934145 205.889 806
-0.331992 199.092 951
-0.222196 181.285 951
-0.279388 182.651 524
-0.741139 246.636 508
-0.546665 248.3 654
0.411977 119.395 678
-0.528348 254.602 395
-0.0191575 181.712 743
-0.0301675 182.808 981
0.293907 135.122 603
0.0243287 178.141 768
0.0414469 176.385 768
0.297771 151.076 35
0.449077 126.706 308
-0.0199019 180.22 797
-0.039523 177.411 646
0.0514337 164.685 695
0.0518474 161.633 637
-0.0168073 167.395 801
-0.060847 174.013 752
0.598823 67.4575 630
5.72531 -789.785 630
6.03071 -840.673 630
0.290471 66.0236 982
1.26016 -115.526 628
-7.28321 1152.87 436
-0.710982 230.126 899
-0.728431 230.852 899
-4.47939 818.561 433
0.936712 -53.3 395
-0.46943 155.854 96
-0.0174619 156.303 768
0.586856 68.6625 573
-0.613364 217.182 694
-0.260271 117.295 765
0.471546 21.5466 855
-0.489867 128.818 761
-0.551593 192.742 832
-0.415142 149.269 841
0.117868 153.123 434
-0.0612708 177.448 821
-0.5 209.562 25
0.0324945 170.189 918
-0.0468722 181.265 831
-0.411429 245.667 595
-0.209844 196.365 35
-0.0319905 180.084 768
-0.0266948 179.179 768
-0.153398 198.577 402
0.373279 116.795 630
-0.28107 219.79 603
-0.0292307 180.303 765
-0.501256 241.409 441
-0.158864 192.971 901
0.0241153 175.931 234
-0.0472932 181.653 901
-0.604477 232.91 426
-0.325243 137.163 1022
1.11593 -34.8244 827
-0.353351 208.311 768
-0.391301 230.14 768
0.59295 87.1802 980
-0.976199 255.538 1022
-0.573541 223.938 234
0.757298 53.9898 413
-0.382538 196.716 646
-0.356159 198.9 887
0.10812 125.63 715
-0.691879 270.84 622
0.351313 108.655 829
-0.358377 214.593 928
0.665533 59.048 648
-1.99876 404.61 414
0.558572 80.0545 394
-0.153644 221.478 873
-0.272911 221.922 761
0.193762 174.224 978
-0.669275 289.608 413
-0.269101 229.76 394
0.0517254 162.528 645
-0.0230282 170.18 972
-0.0330275 165.666 869
-0.20934 188.314 413
-0.0191161 159.873 833
-0.0337454 160.912 756
-0.184122 107.781 742
-0.120341 96.9146 742
0.194016 76.3601 65
-0.0524752 103.84 833
0.711668 3.92513 833
-0.499433 233.577 824
-0.47551 231.023 824
-0.389997 222.069 824
-0.84716 180.547 742
-3.83147 586.341 329
-0.148283 166.74 824
0.387938 73.0481 616
-0.312372 153.588 887
-0.190978 96.6255 742
-0.626217 181.58 648
0.255791 69.0168 951
0.405632 38.2779 951
0.375954 53.0926 951
0.524377 90.8139 573
-0.516226 199.034 970
-0.0932616 174.385 768
0.0457084 159 954
-0.440862 208.577 13
0.0645337 158.972 640
0.112005 149.678 642
-0.3411 206.285 824
-0.812466 265.18 824
0.576632 60.4894 524
0.239686 155.661 799
0.616203 42.9386 656
-0.694053 178.687 35
-0.0921101 115.791 585
-1.47306 388.837 395
0.26893 147.903 645
-0.0320558 175.489 766
0.705338 63.4565 743
-0.98118 242.821 413
0.591693 73.336 841
-2.88932 565.018 413
-2.23333 482.233 413
-2.58364 528.222 413
-2.03594 457.999 413
-0.366111 211.724 762
0.37392 119.949 951
0.371605 117.025 951
-0.487363 216.19 887
-0.126256 148.013 266
0.5631 119.074 806
0.429319 109.178 678
-0.597087 259.699 395
-0.355063 193.923 902
0.163758 104.494 642
-4.47234 909.182 594
0.663415 91.1621 642
-0.582722 241.672 765
-0.472136 234.786 765
0.54218 111.966 642
-0.306317 230.373 490
0.495166 87.0019 661
0.0586326 154.899 982
0.02703 157.53 930
0.496647 78.2093 630
0.230253 118.032 630
0.0172764 151.025 935
-0.166417 111.517 718
-0.169546 108.022 829
0.142053 68.6446 887
0.0673387 87.9166 743
0.763508 -5.77972 713
-0.645696 212.166 951
-0.679126 215.095 951
-0.6188 210.23 951
-0.833624 170.124 742
-4.06364 608.724 329
0.038187 130.651 841
1.12228 -8.24038 329
-0.370916 158.171 887
-0.187662 102.816 799
0.363163 49.4027 902
-1.03164 250.127 413
0.549712 45.8433 899
0.624531 52.9339 899
-0.989547 247.787 824
0.735907 18.7994 701
1.33963 -54.4045 631
-1.26414 298.477 824
1.31172 -52.3471 631
-1.07101 264.816 824
1.24844 -46.743 631
-0.71141 202.784 968
-0.32372 121.484 768
-0.523264 154.277 695
0.505849 74.601 643
0.179887 76.1468 928
0.622904 35.2305 967
7.19598 -795.229 441
-0.601421 210.502 951
0.543048 94.5194 967
-0.198722 201.938 642
0.925114 -17.9908 395
0.277223 76.7721 1022
0.299054 133.717 765
-0.566379 244.173 980
0.214885 151.574 768
0.721244 100.372 1022
0.790628 92.5254 1022
0.326867 127.907 970
-0.531282 234.129 414
-0.625885 244.399 413
0.616729 54.5546 648
0.154036 114.229 742
0.340694 132.838 678
0.360443 123.873 678
-0.454414 235.944 395
-0.432618 191.241 902
0.0719105 104.789 33
-0.298628 169.116 799
-0.884346 205.551 742
-1.20098 241.538 742
-1.22729 256.498 742
-0.895173 219.089 742
0.67549 118.244 806
0.591909 64.4942 660
-0.823628 261.047 440
0.0371478 151.229 642
-0.0501275 157.728 65
0.0196662 148.717 799
-0.0378032 153.941 765
0.966184 -30.901 329
-0.186185 103.426 678
0.121528 75.063 902
0.0646695 86.9883 768
0.581778 13.2729 833
-0.254552 165.849 995
-0.304848 173.603 995
-0.386606 165.463 899
-0.789479 162.391 742
-4.06518 609.295 329
-0.0249035 139.668 965
-0.556669 167.377 65
0.399615 63.4048 646
3.76606 -435.589 436
0.555108 9.7934 855
-0.369165 155.486 902
0.373523 15.305 824
0.415311 32.9034 1013
-1.6678 320.594 662
-0.283612 110.428 763
-0.129919 77.9093 951
-0.209882 90.5715 951
0.301973 31.7741 901
-0.182259 85.8031 951
0.42979 18.1472 646
0.30504 38.0008 901
0.308301 32.7441 967
0.277776 45.6833 821
-0.0548628 80.1205 761
0.030367 69.246 935
-0.877571 235.351 885
0.632357 12.2132 394
-0.328812 183.855 951
-0.335453 178.236 951
0.299156 108.338 829
0.932037 -31.9457 395
1.01597 -40.7878 413
-0.814398 254.297 646
2.31441 -153.87 413
2.23821 -145.716 413
2.19707 -137.691 413
2.29296 -152.798 413
1.8962 -102.558 414
-0.446603 202.009 951
-0.370485 192.285 951
-0.467214 210.956 524
0.161942 113.409 742
0.29792 119.593 749
0.424621 106.283 742
-0.316031 196.507 928
-0.391639 182.504 902
0.248366 70.9616 433
-0.33726 174.074 799
-0.892416 211.074 742
-1.25755 251.212 742
-1.26509 259.123 742
-0.889589 217.491 742
0.441377 103.996 234
0.0802759 142.916 395
0.0513703 143.995 624
-0.0313084 154.385 726
0.244876 125.579 11
-0.0354715 152.316 202
0.398961 80.2016 595
0.45226 26.767 395
-0.167337 108.554 829
-0.535667 156.966 329
-0.368033 148.904 508
0.660933 9.19722 833
0.633189 69.5076 951
0.644528 65.4672 951
0.653837 62.8454 951
-0.67763 169.578 925
-4.17476 622.009 329
0.536397 -1.19742 656
-0.118506 82.3678 882
0.585007 -5.26428 833
0.819144 19.611 642
0.945749 -1.11163 775
0.307338 35.9288 761
0.391381 37.2121 951
0.39809 41.3236 951
0.203253 35.1387 886
-0.382059 107.514 1022
0.183054 41.6016 645
0.923888 -24.3491 124
0.74725 -33.8761 412
-0.120727 78.7383 951
1.14605 -74.2063 412
0.221299 29.9183 395
-0.20843 101.167 648
0.103832 54.4872 799
-0.0933561 79.2808 65
0.0301562 64.3821 618
0.89121 -36.9104 654
0.714572 -3.68948 833
-1.06719 328.167 595
0.774198 -1.94642 763
-1.36796 233.828 96
-0.419408 171.66 601
-0.352844 138.536 1022
5.38095 -744.833 628
-0.746828 243.478 1022
-0.305208 209.788 768
-0.261036 207.741 768
-0.418033 202.974 970
-0.511598 235.907 887
0.201798 116.916 1010
0.536939 68.2839 724
5.75674 -414.044 11
-0.425339 207.705 935
-0.445269 231.272 713
0.453956 101.086 678
-0.534213 239.891 395
-0.451815 189.972 902
0.0192952 105.035 701
-0.338362 173.619 799
-0.92493 208.567 742
-1.2654 248.027 742
-1.36669 262.365 742
-0.980059 222.478 742
0.776531 105.431 806
-0.0627111 162.121 768
0.0701072 141.448 982
0.21384 115.542 402
0.171783 117.864 715
-0.377969 199.721 695
-3.90194 725.81 436
-1.21081 344.485 413
8.97853 -1393.15 594
0.985646 32.7813 899
-0.716046 217.946 642
-0.935104 243.67 982
-0.401562 186.259 951
-0.508622 195.067 951
-0.535314 197.605 951
-0.812458 161.345 742
-4.15022 617.91 329
0.662474 -24.5231 395
0.122461 52.1021 895
0.165711 46.9928 33
-0.0337088 62.4487 767
-0.0330259 58.7342 966
-0.337789 113.316 616
0.625163 52.2532 899
0.634276 60.5747 899
0.179721 38.5754 833
2.58595 -392.675 611
0.244024 28.6977 1010
1.33713 -63.8976 14
0.886913 -56.812 413
-0.215926 98.1636 979
0.207418 45.9534 701
0.233205 48.152 869
0.245819 46.2349 761
-0.313528 119.673 826
0.0537356 62.8226 951
-0.0512245 73.0166 899
0.92886 -44.8783 654
0.696028 -4.96283 833
0.332926 111.864 951
-1.09044 185.012 65
-2.07829 339.231 329
-1.00412 244.16 413
-0.931965 237.142 414
-0.525482 228.573 869
-2.4775 514.394 413
-2.34834 498.967 413
-0.397947 220.852 970
0.807902 22.9847 490
-1.58796 283.704 839
-0.822235 218.873 899
7.63407 -598.569 221
-0.742557 216.199 234
-4.48381 649.912 1018
-0.865142 267.403 864
0.29183 128.229 678
-0.198795 185.423 928
-0.425692 185.441 902
-0.0317225 109.797 951
-0.349694 174.992 799
-0.92355 217.497 742
-1.23007 248.89 742
-1.29308 258.557 742
-0.948996 218.75 742
0.789224 102.122 806
0.512058 79.9221 413
-0.168279 178.676 625
0.172085 115.672 616
-0.126957 132.069 899
-0.13592 131.672 899
0.598431 65.4494 833
-1.4041 413.83 596
-0.250209 204.686 899
-0.256259 204.782 899
-1.72156 464.184 596
-0.737405 261.129 887
0.265309 74.2956 1021
-1.11399 238.919 637
1.06657 -16.5763 824
1.34885 -65.9217 824
-0.8715 285.836 659
0.646017 -27.8936 395
-0.884323 177.562 329
0.0570207 46.9511 861
-0.0268961 59.6671 624
-0.0406544 58.6114 761
-0.603627 142.064 573
-0.553106 169.942 951
0.673764 3.4617 824
-0.194295 100.477 864
-0.396528 134.801 625
0.19875 39.5345 678
-0.209281 94.229 972
-0.0653139 66.349 768
0.154763 45.2255 979
-0.585136 148.386 600
0.219872 46.784 65
-0.189174 93.8996 762
-0.136638 80.247 970
-0.0591255 75.0603 995
0.0764502 56.3002 951
1.03711 -59.9041 654
0.753847 -10.0266 833
0.557932 87.1966 951
-0.830441 216.215 601
-1.12011 214.966 329
0.0977641 87.8795 768
-0.41612 174.239 616
0.358492 121.853 751
0.752755 97.5921 1022
0.599715 118.333 1022
-0.803676 221.393 601
0.411946 36.0984 642
0.423405 36.1459 642
0.751692 6.99739 981
-1.01567 253.824 743
0.434663 37.2653 855
-0.420196 177.745 234
0.761045 47.4151 833
7.20611 -892.298 500
0.739263 83.5636 929
0.637777 38.4691 648
0.0249113 102.206 713
-0.430449 189.888 831
-0.952708 214.606 742
-1.27589 250.033 742
-1.31995 257.009 742
-0.90137 213.308 742
0.800746 102.279 806
-2.4811 513.813 603
-0.141842 170.194 1001
-0.154702 162.222 887
-1.38053 284.574 412
-0.305094 163.473 525
0.727187 28.9158 713
1.06923 38.7375 949
0.822518 1.30213 751
0.831805 -0.665138 751
-2.10124 442.655 413
0.567647 43.3527 523
0.123619 85.7688 642
0.632253 47.2266 833
-0.14872 205.073 395
-0.023101 189.849 605
-1.37134 357.187 654
0.610053 -28.1587 395
0.149615 40.2727 895
-0.110984 66.8491 720
-0.0635586 65.5488 573
-0.535733 106.909 44
-0.478467 139.481 648
-1.16936 225.321 986
0.248876 111.046 701
0.132326 41.3725 266
-0.280091 104.098 648
-0.360962 98.6306 789
0.100733 43.3184 886
0.0669649 42.3645 932
0.128344 47.156 775
0.0630996 49.6368 742
-0.0726929 68.7683 959
-0.0775662 65.3301 575
-0.237242 92.1336 605
0.0698794 57.4854 951
0.0578529 57.729 951
1.06761 -64.6342 654
0.69769 -3.14473 833
0.290544 113.749 951
-1.02548 170.386 35
-1.35773 242.414 329
0.980627 -37.9955 413
-0.644366 206.286 648
2.25479 -148.752 414
2.09964 -125.748 413
2.10253 -123.019 413
0.802154 -34.311 395
-0.655582 167.561 414
-0.49467 146.69 413
-0.104092 92.0856 886
-1.72941 366.809 688
-4.01168 613.413 329
0.931844 13.3402 824
3.47725 -142.427 35
0.541346 75.5892 800
-0.54569 210.786 766
-0.390151 196.011 979
0.331309 84.6753 768
0.425066 57.4884 903
-0.977646 217.372 742
-1.27743 251.368 742
-1.31102 257.027 742
-0.896646 212.292 742
-0.483062 231.893 490
0.225935 61.3913 751
0.375587 106.541 266
-0.16023 147.084 822
0.683303 8.84008 413
-0.11753 120.429 1007
0.693216 27.4178 745
3.25187 -316.249 413
3.50736 -372.402 413
3.76628 -414.462 413
6.89671 -579.159 12
3.05216 -404.454 630
0.303042 40.3339 954
0.841767 6.42144 833
-0.16871 208.066 395
-0.180442 211.082 478
-0.442805 226.99 967
0.585132 -27.0214 395
-0.261953 110.44 266
0.268762 21.3015 369
1.20373 -90.0767 442
1.67858 -172.908 436
-1.13288 260.563 616
0.245092 107.856 768
0.609086 76.4158 768
-0.513286 130.778 725
-0.204621 85.8618 573
0.0811737 46.1065 799
-0.193274 90.9633 625
0.189209 46.703 869
0.732191 -28.4596 275
0.163673 38.9498 886
0.253452 29.588 681
-0.119753 80.6184 871
-0.142055 84.7686 935
-1.01923 206.106 538
0.0335165 60.9089 701
0.589843 6.54853 713
0.674512 -1.30333 426
0.941411 -18.3446 648
0.0888402 54.139 713
0.335915 31.85 887
-0.139353 116.568 768
-3.18498 516.254 329
0.485473 100.681 980
-0.860045 249.387 1022
-0.310485 206.941 768
0.944376 -44.808 395
0.258497 60.4001 742
-0.209293 104.257 742
-0.342212 145.028 616
-1.75659 377.561 688
-0.87857 245.688 923
0.73054 66.6239 831
-0.0244877 209.288 999
-0.426951 220.24 701
0.970754 24.2858 824
0.341632 140.248 695
0.410422 138.687 899
5.91983 -844.563 595
-1.05567 228.416 742
-1.30127 254.654 742
-1.2919 254.756 742
-0.880457 211.865 742
-0.642813 246.906 490
1.00216 -17.5951 414
-0.502974 208.161 899
-0.284732 158.829 980
-0.50947 181.239 414
-0.578039 192.342 414
0.7251 31.2804 713
-2.69678 528.726 414
-3.46664 622.872 413
-3.33369 606.424 413
-0.658979 202.025 762
-0.109184 88.7307 765
0.514359 46.4324 902
0.837209 0.715226 522
-0.151328 205.917 395
0.146918 168.731 412
1.39841 -15.2929 393
-2.10125 404.038 477
-0.51925 169.471 899
-5.74312 947.293 436
2.11179 -130.071 724
-0.764293 240.638 839
-0.603414 231.467 838
-1.29084 266.675 839
-5.9538 1016.02 436
-0.389923 118.368 743
0.175795 47.8123 899
0.146855 50.6637 838
0.212348 19.3424 627
0.0563952 47.5195 935
-0.293327 108.367 648
0.0555694 51.7693 954
-0.171188 84.2063 641
-0.0874897 66.3684 869
0.165013 41.9721 887
0.0419594 57.7877 951
0.235546 30.193 508
0.558092 6.02001 713
0.695678 -2.41959 426
0.748215 20.4406 743
-0.10341 76.8927 951
-0.197978 136.749 962
-1.07397 249.565 413
-3.8856 612.926 329
-1.8906 438.284 414
-2.06796 459.613 414
-2.26229 486.087 413
-0.473878 175.814 234
0.217156 66.5517 742
-0.249369 112.662 678
-0.178905 118.35 234
0.857707 33.8278 833
-1.01465 274.277 234
-0.914475 329.238 622
0.0245014 201.743 775
-3.74502 686.292 413
-0.773361 238.585 869
-3.54702 650.161 413
-2.46248 512.025 414
-2.62911 532.904 413
-0.951099 212.076 742
-1.32315 254.502 742
-1.28669 251.819 742
-0.824633 205.2 742
-0.81942 262.591 490
-0.411383 160.074 824
-0.547937 173.232 824
-0.635559 193.164 824
-1.21569 282.931 433
0.198405 82.3806 966
0.718458 31.0054 681
0.867908 -15.2689 618
3.37844 -351.758 413
3.57225 -381.564 413
0.306904 48.33 928
-0.059271 81.5083 934
0.559145 46.1647 902
0.661558 39.6916 458
0.115913 163.151 762
-0.19013 219.685 595
-3.42538 598.946 412
-0.435059 151.387 935
1.04905 -34.7055 413
0.558834 27.0701 426
0.671165 70.5524 902
0.304264 143.581 616
-0.244638 220.613 1007
-0.709582 260.811 887
0.705721 39.6345 426
-0.65391 245.943 839
-0.533868 243.706 901
0.683502 7.77042 901
-0.163504 85.8901 887
0.121671 40.3473 886
0.923972 -50.7138 412
-0.115792 74.0412 953
-0.236827 92.0824 605
0.172413 47.8595 966
0.115145 49.5288 887
-0.327705 93.6952 13
-0.0310098 64.5288 951
0.587144 6.37677 713
0.592718 8.10619 426
-0.210573 105.248 762
-0.122164 77.0893 951
0.155226 82.4571 869
0.118434 81.8915 768
0.936917 5.88319 855
0.521643 88.0709 751
0.858571 81.079 1022
0.583962 71.4494 751
-0.546509 195.001 266
0.554916 55.6544 806
-0.390996 137.43 742
0.324456 51.7306 831
0.843883 35.7354 833
-1.04558 278.917 234
0.804022 49.4051 831
0.244275 167.467 500
0.843694 29.2967 751
1.21111 45.45 1022
1.42979 18.8772 1022
1.29003 34.4856 1022
1.35859 23.0382 1022
-1.01802 219.681 742
-1.33809 257.498 742
-1.24721 247.659 742
-0.760091 196.386 742
-0.92398 272.667 490
0.047203 71.2755 899
0.0751796 57.928 979
-0.343889 129.361 616
-0.564951 188.28 413
-0.606858 193.723 413
0.690315 33.1912 713
-5.47976 985.287 692
-2.85548 529.682 413
-3.18995 575.619 413
-0.584178 188.228 762
1.02245 -98.6965 628
-1.15199 210.966 637
0.664203 24.8281 490
-0.321077 199.849 765
-0.293766 198.971 970
-0.680271 240.081 3
1.0281 -64.8679 395
-0.315519 136.132 899
0.622269 11.7305 426
-1.21184 323.031 648
-0.702418 237.238 839
-1.98831 461.857 369
-0.725583 260.247 887
0.83255 15.6489 426
-2.31347 546.903 433
1.18821 28.9456 393
-0.930062 304.579 763
1.36936 -16.8637 899
-0.29099 105.612 967
0.261912 38.9421 761
0.231021 40.9605 951
1.23379 -125.496 433
-0.176551 90.2064 824
0.374396 49.4815 32
-0.0605294 71.3959 885
0.0360862 56.993 801
0.516419 14.1154 713
0.497426 21.8377 924
-0.114492 78.3413 951
-0.0658719 67.9335 951
-0.18669 127.131 751
0.908707 -31.1177 413
-1.27736 321.9 648
2.90952 -252.916 413
3.03457 -273.779 413
2.65934 -209.931 413
-0.503099 183.239 266
0.47385 55.8356 806
-0.525094 150.352 742
-0.310619 145.035 951
0.867501 31.3878 833
-1.07488 280.566 234
0.515434 107.385 799
-0.0234521 206.288 761
12.9442 -1692.36 535
0.828633 61.6376 966
3.04211 -271.44 413
0.724688 74.8628 966
3.00442 -264.013 413
-0.927227 219.998 678
-1.25134 262.333 678
-1.05616 243.671 678
-0.539641 188.398 678
-0.849739 265.71 490
0.117246 79.2507 761
0.426652 1.824 395
-1.34046 240.734 329
0.702074 4.13707 413
0.158315 94.3688 766
0.971868 -8.19573 654
0.749432 7.76668 618
0.470899 83.9766 765
0.558296 72.7346 768
0.587753 67.4936 768
-1.29541 289.284 631
-1.02249 266.492 631
0.600432 60.9604 968
0.844558 28.6019 616
0.546422 79.7839 833
0.0171268 185.692 831
1.62062 -144.791 395
-0.198342 133.527 1006
0.628485 12.6094 426
-1.1314 313.323 648
-0.976263 254.277 839
-0.270633 222.192 1007
-0.501281 218.613 902
0.739181 37.1093 426
-0.494371 262.943 713
-0.735903 222.027 902
0.507819 56.3786 902
0.446692 120.285 362
-0.498339 151.036 694
4.09389 -480.076 475
0.114488 51.2953 979
0.261761 38.6523 967
0.358918 29.1827 821
-0.741434 180.207 724
-0.0649468 70.8137 656
-0.0521576 68.3729 951
0.887674 -43.016 654
0.198321 35.4648 622
0.0644389 55.917 951
-0.0622026 65.5465 906
-0.170541 127.497 619
-0.136811 112.544 765
-1.17167 309.279 648
-0.446651 235.948 751
-0.96263 248.251 1022
-7.20885 1066.07 442
-0.593701 195.171 234
0.378747 59.8697 806
-0.322139 123.453 742
0.544222 64.1038 761
0.870588 30.3713 833
-1.08052 278.712 234
-1.29554 381.035 622
-0.178633 225.516 412
11.8451 -1860.39 628
-0.654414 261.254 751
-9.02572 1280.17 442
-1.21114 348.322 602
-0.830846 245.535 1022
-1.00852 214.02 742
-1.31384 253.922 742
-1.20936 244.903 742
-0.610629 184.054 742
0.414159 96.2136 749
0.8877 3.39284 824
1.15443 -37.9225 824
0.862989 4.02431 695
-0.290505 154.302 656
-0.498924 212.155 743
0.501152 83.2459 954
-0.361676 158.444 887
-0.675536 258.187 864
0.865497 92.9313 205
-0.0750849 192.807 970
-0.0374086 189.149 701
0.0592052 175.809 824
0.102119 175.19 96
-0.538136 217.974 902
-1.06995 294.163 688
-0.326588 222.415 854
1.41636 -105.555 395
-0.477229 153.096 901
0.636373 11.9872 426
-0.906954 290.776 648
0.344301 135.198 616
-0.862104 311.126 369
-0.555977 245.172 887
0.626602 60.7805 394
-2.68994 533.559 412
-0.640247 230.324 833
-0.46208 171.411 885
-0.349627 256.786 395
2.37526 -270.94 395
0.749124 -30.1747 412
-0.133846 69.2159 821
1.2446 -90.1284 412
-0.16886 85.3276 833
-0.202346 96.0991 523
-0.0633803 67.5821 637
0.0549769 53.7585 882
0.636614 -23.3312 622
0.0884101 51.7114 681
0.090897 52.6562 951
-0.564005 112.55 13
-2.55285 530.587 628
-0.995288 235.634 413
0.69147 27.7398 394
-1.90001 434.584 414
-2.67686 533.65 413
-2.63604 531.669 413
-0.668893 214.759 266
0.34927 55.5827 678
-0.514435 148.892 742
-0.263559 152.327 266
0.879294 31.2162 833
-1.06479 277.26 234
0.605129 88.8028 799
-0.299485 237.91 233
-0.930532 261.182 869
0.639378 98.1847 954
-3.43373 635.976 413
-3.01905 587.274 414
-2.71193 546.381 414
-0.981081 228.089 678
-1.31002 255.306 742
-1.14542 258.46 678
7.03027 -1069.85 594
-0.709805 246.808 982
0.520613 140.169 65
0.266784 137.792 768
-0.403335 202.919 972
-0.347606 171.221 395
-1.139 339.541 395
0.537847 70.494 775
-0.277021 135.155 726
0.679702 55.625 833
-0.673353 275.315 477
0.291363 151.756 1015
-0.0152852 189.145 999
0.0217618 184.274 951
-0.0240224 190.508 824
-0.534828 219.809 902
0.514173 87.088 833
0.234843 142.957 490
1.4852 -118.355 395
-0.282624 135.982 899
0.659252 8.67616 426
-0.913981 290.786 648
-0.849229 245.578 839
-0.362741 232.1 646
-0.961378 260.335 821
0.662761 52.6908 394
-0.297789 242.422 713
-0.397869 162.229 902
0.280328 57.5232 426
-1.04588 345.89 395
2.20894 -238.873 395
0.201612 44.583 761
0.146678 45.4961 951
1.42936 -153.064 433
0.310136 37.8807 761
-0.182268 89.5944 935
-0.600272 158.537 660
0.0510236 57.9349 981
-1.47155 306.178 656
-1.54268 360.005 625
0.139984 46.3827 951
-0.987192 200.346 725
0.940517 -34.8617 413
0.11532 81.2764 765
0.929664 5.66662 713
0.495916 88.6065 751
0.499441 87.0022 751
0.773896 92.5169 1022
-0.679894 208.114 234
0.478477 57.5346 806
-0.387482 134.843 742
-0.23648 138.476 266
0.878299 30.4876 833
-1.06532 276.088 234
-0.899876 317.183 654
-0.0252029 205.836 821
-4.3975 728.728 412
0.68323 49.2437 751
1.17417 36.4822 1022
1.02047 60.4165 1022
1.03375 63.7222 1022
-1.10787 299.739 855
-1.2403 232.566 806
1.9752 -180.107 434
0.621434 64.1684 426
0.37971 124.898 824
-0.100984 204.134 765
-0.196603 207.763 764
0.700728 48.1505 824
-0.283056 161.777 395
0.65473 28.9869 266
0.175779 71.9687 827
0.333324 46.1526 616
0.670691 58.6374 833
-0.19841 215.914 508
0.0341894 182.421 824
0.127902 169.195 414
0.029618 181.621 824
0.0331377 181.284 824
-0.56438 222.892 902
-1.10749 299.141 688
0.480984 94.5838 362
1.47469 -116.217 395
-3.8123 490.504 221
0.728016 1.84859 426
-0.630448 259.851 648
-0.887757 247.046 839
-1.84503 443.101 369
1.07098 -10.4731 616
0.66308 56.4136 426
0.806669 95.784 393
-0.304107 149.303 887
-0.439827 164.266 885
-3.7745 705.976 495
2.0239 -211.009 395
0.288043 41.229 838
0.169896 43.7174 713
-0.25323 86.5324 742
0.141445 48.0052 902
-2.10518 283.955 12
-1.18078 233.702 573
4.42901 -540.457 436
0.818138 55.4337 934
4.95938 -572.808 477
0.605797 25.9124 967
-0.874445 208.012 938
-0.283446 125.376 1022
0.798672 -16.3176 413
0.888808 17.4205 681
0.620644 91.7237 966
2.69362 -221.951 413
3.1222 -284.377 413
-0.55278 179.99 234
-0.208282 117.931 928
-0.411956 134.878 742
0.318052 58.6379 799
0.888093 28.985 833
-1.06204 275.291 234
0.787598 54.1009 831
-0.101408 218.095 412
0.85758 35.8559 395
0.489221 90.3341 972
3.1792 -345.886 604
0.668383 82.2845 966
2.62559 -206.546 413
-4.88537 899.838 433
-0.6938 233.564 642
0.501622 81.9756 768
-0.776859 282.835 645
0.319257 154.92 951
0.323698 146.852 951
0.229351 160.213 951
0.258456 147.589 951
-0.108825 129.399 928
0.326979 88.1317 801
0.538641 68.9101 970
0.878189 -11.0375 329
0.674907 58.0802 833
0.254237 155.822 473
-0.0153997 191.382 824
-0.0886164 198.732 412
-0.0186859 190.783 362
-0.0120843 188.552 801
-0.559205 221.904 902
-1.11328 300.734 688
1.34781 -46.1863 656
-0.422258 162.815 266
0.167487 95.5108 982
0.642225 17.9833 426
-7.84485 1256.65 436
-1.11235 261.368 839
-0.71737 238.422 838
-1.04195 291.178 887
-0.737991 229.087 970
-0.447359 255.151 833
0.305899 52.398 266
0.250274 60.8682 394
-0.456923 171.539 622
2.24781 -256.623 395
0.729784 -30.112 412
0.776316 -38.5397 412
-0.142534 81.4054 234
0.0963705 47.0532 871
-0.229553 99.5316 654
0.660373 36.6009 934
7.40015 -1053.67 630
-15.099 1815.05 345
-2.43013 477.435 412
-0.404853 223.225 981
2.76141 -285.736 402
-0.775293 210.11 414
-0.155533 112.87 765
0.706942 38.0228 745
-8.19984 1183.23 442
-0.643764 257.178 751
-7.34807 1082.95 442
-0.520584 179.401 266
0.345398 55.4803 678
-0.548163 152.626 742
-0.260021 136.027 951
0.885339 29.3275 833
-1.04811 273.916 234
0.412266 125.671 799
-0.153519 225.722 414
10.6121 -1643.36 628
-0.66283 245.618 1007
-0.845969 280.843 751
-5.8187 1139.63 595
-7.8687 1149.24 442
-8.47347 1151.72 308
0.55822 91.2958 394
-0.0954105 214.996 966
-0.0997842 221.148 824
-0.434543 249.91 756
-1.24854 356.419 694
0.874776 15.3746 625
-0.290435 206.738 951
-0.082125 132.401 887
0.774302 24.3409 833
-0.607957 247.576 833
3.88433 -546.593 595
-0.624491 253.387 864
-0.235544 221.634 436
-0.0140656 190.956 995
0.020634 184.155 640
-0.0218233 189.384 695
0.0237615 183.571 656
-0.570888 222.71 902
-1.07419 329.307 395
1.35101 -84.1742 395
0.310301 53.1766 966
-0.317422 136.668 65
0.524031 31.6721 426
-1.33973 339.164 648
0.336724 137.98 616
-0.170101 213.916 1007
-0.957123 275.856 887
0.787978 29.7806 426
-0.6897 246.921 902
0.379191 36.0163 266
0.285464 51.8144 426
-0.546293 181.362 622
2.1536 -235.428 395
1.39912 -126.818 508
0.151847 44.3657 695
0.138163 41.1652 522
0.130163 52.187 970
-0.0949666 74.4194 935
-0.309039 107.835 743
-0.195097 112.771 887
-0.0710645 74.0073 970
0.736003 42.5346 833
0.442342 98.8749 490
-0.916117 277.643 855
0.24471 73.156 1022
-0.893394 220.702 413
-1.25168 343.056 395
0.417495 122.251 954
-0.72138 235.657 966
-0.750311 225.593 768
-0.60774 196.168 266
0.393629 26.2373 827
-0.385771 131.992 742
0.172803 81.0021 927
0.887763 27.9711 833
-1.06433 272.129 234
-1.33592 386.627 622
0.0379689 201.345 32
-0.565613 233.837 765
0.695476 90.2072 954
-0.594339 240.711 768
-0.919902 255.073 764
-2.58591 530.597 413
-0.71552 218.149 701
0.649774 52.7858 882
0.357434 126.865 966
0.563164 75.2895 824
0.685979 41.5604 763
0.441336 66.3861 982
0.572498 85.9242 701
0.95827 35.9632 631
-0.259453 165.402 768
-0.447075 185.253 972
-0.608887 263.548 618
0.569907 91.3752 899
-0.675271 252.462 645
0.0405791 180.516 979
0.0260574 185.02 935
-0.165762 212.159 604
-0.0273395 190.374 824
-0.134688 206.587 604
-0.590179 222.701 902
0.570605 75.7907 833
1.53613 -119.925 395
0.292609 52.264 966
0.181338 88.5383 832
0.57825 18.279 426
-1.10265 315.002 648
-0.905439 250.553 839
-0.681877 289.491 369
-0.734822 232.537 902
0.79576 30.3109 833
-0.856697 261.761 902
0.299888 52.5652 266
0.236897 62.9131 394
-0.364643 149.313 654
-0.796847 206.338 701
0.638992 40.5657 966
0.48831 48.5916 768
0.53476 41.0544 766
3.07539 -312.26 413
3.00303 -298.698 413
0.589339 44.9294 970
0.989771 -38.755 329
-0.103147 78.5019 393
0.92162 7.3681 833
0.309107 125.309 490
-0.69189 254.288 426
0.788121 -14.7435 413
0.247523 68.9257 1022
0.786599 25.5372 841
0.734631 37.6817 751
1.4427 -25.8219 637
0.250361 33.8912 751
-0.634117 195.162 763
0.313503 34.1826 859
-0.504653 145.954 742
0.405968 57.0738 726
0.8941 23.6643 833
-1.03723 265.869 234
0.477058 111.741 799
0.0175657 199.675 927
-2.99788 589.052 413
-6.15996 796.827 12
-2.65056 524.976 413
0.619012 62.5031 751
0.785983 88.7589 1022
0.330393 155.452 1023
0.342285 139.281 266
0.191199 167.252 978
0.185027 162.918 841
-0.706272 227.794 934
-0.208327 143.945 864
-0.228353 145.012 833
0.271819 64.775 234
-0.250196 136.398 414
0.10229 100.162 799
-1.00961 261.923 882
-1.32411 301.231 824
-1.20128 280.613 824
-1.05461 258.143 824
-1.21889 360.503 395
0.193583 162.119 415
0.196383 163.032 409
0.0165338 184.925 998
-0.60385 224.407 902
0.60206 70.2909 833
-0.79808 230.906 861
-0.296946 135.883 523
0.181167 93.0312 982
0.607202 13.6809 426
0.57761 85.3866 902
-1.107 259.775 839
-1.45258 388.962 369
-0.749186 263.943 887
0.668911 48.2254 426
-0.930329 297.974 426
0.356219 38.9474 266
0.23625 58.1432 426
-0.407146 150.806 654
0.652421 64.5308 656
-0.93717 266.765 625
0.441376 99.3194 266
0.277714 140.159 1022
-0.190952 206.922 824
1.156 -32.6616 752
-0.710298 227.201 394
-0.211996 110.264 887
0.0653973 51.4286 522
1.09833 -38.364 833
0.401221 104.63 522
-0.673412 246.826 426
2.59737 -346.727 628
0.91674 -35.0375 414
-1.40315 342.277 656
0.380624 108.369 768
1.00865 -70.4583 395
0.186962 43.5446 768
0.437245 24.685 855
0.411815 55.5218 806
-0.375181 127.976 742
-0.368322 134.682 929
0.930321 15.5887 833
-0.929246 266.563 266
-1.09985 352.217 622
0.0391059 197.488 65
-0.644358 257.175 979
0.531876 97.6745 766
0.540757 78.0484 768
0.357799 111.586 768
0.591565 101.363 764
0.68369 52.3682 824
-1.02851 338.181 395
0.228185 137.866 824
0.282468 144.332 829
0.787963 42.9985 648
0.532939 64.2562 821
0.377107 67.6616 573
-0.174258 128.297 768
-0.171422 132.064 886
-0.359675 178.395 490
-0.595526 199.154 765
-0.598901 211.579 768
-0.95142 262.537 968
-1.18425 321.71 824
-6.14439 737.84 13
-0.394632 205.091 768
-0.401229 200.058 766
-0.669312 218.14 899
0.58096 71.4823 982
-0.418235 200.267 743
1.01064 -39.269 395
0.320323 52.6628 966
0.21051 79.2361 832
0.625972 9.7994 426
-0.972979 296.347 648
-0.837308 242.189 839
-1.60059 397.133 369
0.84913 36.7251 645
0.502847 64.9351 935
1.14659 -19.5705 645
1.16334 35.1168 839
-0.56387 187.658 642
3.70781 -537.451 594
-0.439874 173.421 886
-3.1231 401.202 35
-0.532603 183.549 824
-0.897549 278.375 824
-4.30193 738.933 415
-0.645299 298.095 433
0.557212 12.8538 928
-0.446437 142.24 852
-0.269242 101.484 824
-0.215714 89.553 824
0.44255 27.3971 934
0.597343 31.9734 982
-0.292132 139.74 824
0.340096 57.3657 1005
0.947106 6.40564 234
-0.860713 265.308 751
4.01742 -613.652 628
0.201777 45.532 981
0.555309 -5.45566 413
0.37512 57.0297 806
-0.106587 95.1755 726
-0.666836 205.788 616
-0.989293 261.47 775
-1.10192 311.203 266
0.673575 73.4445 831
0.288235 166.669 412
-1.03954 289.22 3
0.876955 58.0733 966
4.46815 -477.423 413
0.929937 46.946 966
3.32227 -309.48 413
-0.382078 214.803 901
0.890287 21.8783 763
-6.21937 756.717 13
0.623236 89.2652 951
-0.531084 247.72 981
0.636074 45.9703 832
0.210273 90.9652 819
-2.49373 507.226 660
0.541136 75.0995 899
5.76381 -842.612 595
0.967492 -12.0103 648
5.76315 -437.488 44
0.667048 25.651 643
-0.190857 127.421 768
0.381042 69.4369 902
-0.521473 194.944 886
5.35482 -648.27 511
-0.513223 167.854 618
4.02417 -442.176 442
-0.397079 136.949 899
-1.82637 361.916 436
2.42512 -124.68 13
-0.628134 215.906 559
-0.101456 126.765 801
-0.843058 156.933 839
0.365647 71.2173 972
0.499047 37.7815 395
-0.709774 226.151 642
3.24135 -305.559 329
1.28392 -47.2773 824
0.61595 82.0519 972
-0.308242 238.788 645
0.68571 55.6847 362
6.45217 -581.818 231
10.2813 -1229.98 476
1.30042 -53.2797 824
0.92122 47.5071 966
0.745993 13.6607 824
-0.590044 186.538 642
0.531109 25.0606 968
6.58061 -758.058 440
-0.648333 170.239 642
0.505572 22.6904 768
-0.529823 162.655 642
-0.376064 155.354 642
-0.660429 197.768 641
-0.666103 194.553 642
-0.748303 247.377 202
-0.563782 152.721 982
3.37229 -498.392 595
1.7013 -219.052 595
2.12941 -154.091 253
1.01057 -95.477 558
1.42711 -160.603 559
-1.56783 347.121 656
0.723264 67.5865 624
-0.827089 285.415 266
-6.25876 982.516 445
0.84009 48.5467 624
-0.747042 245.181 899
-0.310903 194.717 870
0.403984 86.2779 951
-0.607575 220.533 968
0.976676 11.2948 951
0.578774 39.5748 951
-0.330499 136.692 742
0.268275 62.5439 920
-0.721925 227.172 395
-0.530094 271.186 395
-0.152691 198.417 934
0.63056 60.1076 824
0.33421 94.9187 766
0.678553 44.7772 618
-0.351458 212.176 899
0.252957 87.6525 970
0.245227 63.0614 490
-0.554179 187.943 395
0.595228 4.56497 824
-2.66444 463.352 509
-0.702843 159.925 1005
0.453424 51.7708 899
0.996031 -49.2369 603
-0.157283 112.778 829
-0.286415 122.02 764
0.165331 71.4149 522
5.43012 -841.514 628
0.212033 58.9663 826
0.20817 86.6066 765
-0.249911 120.814 951
1.80088 -76.8039 35
-0.232232 107.612 934
3.45425 -426.075 433
-0.733126 225.166 831
-0.362589 240.907 982
-0.0731156 215.315 1007
0.856729 71.8731 661
-0.831847 317.186 413
-0.70484 296.371 414
0.338751 151.983 640
-0.419672 238.705 887
-0.975572 309.201 656
0.381328 112.942 799
-2.36352 477.039 412
1.01399 -33.2424 832
0.353925 52.4543 490
-0.344247 170.828 768
-0.359955 164.151 970
1.33667 -134.328 627
-0.468339 222.68 975
-0.135615 208.866 33
-0.151903 210.671 934
0.526474 83.7428 766
0.5923 59.1286 524
-0.421384 223.913 934
0.650906 -35.9247 627
1.5469 -133.221 508
0.691597 46.0648 902
0.276889 142.801 981
-0.206809 209.582 768
6.32941 -840.379 660
0.837088 61.649 642
-0.720135 174.242 742
2.78933 -242.347 413
1.13768 -51.0132 656
-4.21785 480.269 35
1.6174 -175.135 433
0.375217 28.2903 979
-0.576549 167.999 972
-0.816799 175.593 573
-0.925369 226.728 642
-0.96767 237.412 982
1.03263 -4.72506 393
-0.465663 148.19 982
-0.445453 137.359 971
-0.58818 196.322 824
0.476169 20.5261 763
-0.306713 141.305 768
-0.334323 145.983 768
0.237135 80.6732 935
-0.178228 129.848 941
-0.752786 219.298 395
-0.0302709 118.528 930
-0.418386 138.244 742
0.409254 48.7507 749
0.877132 8.23878 1021
0.870338 4.54184 1022
-1.56812 304.309 413
-0.199331 114.194 768
0.393175 34.2901 642
-0.895423 217.021 824
-2.69243 358.028 35
2.87259 -279.407 413
-0.727113 240.443 625
0.124121 79.3527 895
0.130743 85.4029 954
-1.89894 375.481 433
0.56138 -12.4753 824
0.0767203 193.669 641
-0.664281 240.258 899
-1.48163 251.077 65
-3.75192 466.139 40
0.695649 75.3509 899
-2.33099 465.786 414
-0.721004 262.396 625
2.55375 -219.929 413
0.929847 -19.2995 882
2.63775 -249.065 414
9.75425 -1028.6 231
0.605378 40.4787 775
-0.198762 111.162 935
0.434941 41.9875 833
1.2839 -55.1485 824
-0.0260892 207.117 934
0.0182474 200.34 768
-0.0638237 213.353 589
0.48177 86.0891 902
0.402748 68.6669 972
11.3848 -1679.13 660
-0.672937 199.357 642
0.554929 43.9458 899
0.763456 25.7971 821
0.721736 24.1131 899
2.37593 -186.604 412
-0.416387 160.311 3
0.43766 52.7038 768
0.893112 -42.8115 395
-7.53004 1426.76 595
-12.0106 1670.83 442
1.05195 -9.13059 982
-0.171798 80.624 901
0.126815 57.9435 899
-0.125301 83.4241 968
-0.994924 231.417 616
-0.495688 222.22 951
-0.461652 194.722 951
0.383403 78.969 824
1.70549 -180.041 615
-0.226064 143.38 715
-0.367743 140.115 701
-0.539569 203.126 902
0.231072 68.9433 768
0.31784 61.9213 821
-0.830311 225.26 402
-0.202245 132.883 980
-0.541836 145.615 775
-0.0290888 118.236 887
-0.288339 131.461 742
-1.10725 273.919 622
0.0434723 116.013 981
-0.0511691 130.472 934
-0.0306762 120.722 806
-0.0165456 120.761 935
-0.771996 233.3 433
0.623126 3.91026 824
0.758257 -29.3855 824
0.459622 24.7909 768
0.489318 44.1059 899
-0.70768 198.073 694
4.88803 -373.475 44
-0.526319 140.594 899
-0.262045 142.5 395
-1.01564 291.202 824
-0.507078 189.614 982
8.23946 -1023.79 511
-0.673006 202.398 954
0.391204 109.795 951
-0.869679 238.457 981
-0.998493 294.497 982
0.661289 71.6557 768
4.06506 -204.646 35
0.49378 102.216 968
0.797438 31.7025 824
1.38911 -56.3888 824
0.859855 41.3511 824
-0.639228 252.212 394
-0.699438 244.889 970
-0.0131248 207.755 979
0.0183926 202.317 715
0.235543 168.606 573
0.756474 52.8346 624
2.53996 -189.66 413
0.831791 37.6584 824
-0.666493 204.852 934
-1.04468 235.788 642
4.93238 -621.262 433
-0.538571 214.633 972
0.352675 96.1505 870
-0.253776 115.068 886
-1.15241 252.713 413
-0.490626 154.332 951
0.696706 32.9197 768
-0.885576 255.526 981
0.561907 52.1829 768
0.135506 56.9093 1007
-0.596982 160.308 648
3.46405 -350.954 413
-0.796529 272.242 751
-6.57663 1012.88 441
-0.359267 178.363 768
1.08895 -2.494 656
1.42698 -105.38 558
-0.661798 160.727 899
-4.69058 739.712 371
-0.951915 273.348 855
0.137967 68.6066 927
-0.501052 164.16 824
-0.84623 224.649 402
0.725127 65.8704 839
-0.214722 131.262 901
-0.250906 148.553 573
-0.0337486 117.73 887
0.258357 57.7697 824
-0.19519 137.438 35
-0.0787535 135.722 395
0.125243 101.87 656
-0.0268885 120.485 886
0.0189053 115.654 553
-0.0176129 123.586 943
-0.039224 127.385 841
0.0418686 113.38 362
0.0325171 118.156 3
-0.023554 126.242 824
0.0337701 116.372 266
0.406633 48.2808 824
0.856672 -38.8679 824
