6  8  8  255
-36.297
-512.94
392.61
48.906
199.94
-452.23
380.34
12.922
-16
22.453
664.16
96.891
743.8
-812.23
3.2187
18.875
23.719
-81.953
-336.75
38.203
70.984
163.47
-66.75
-1.2344
-402.06
188.55
-85.781
138.42
1.9531
-175.86
-248.05
204.78
-144.08
202.31
156.03
-118.98
-408.09
-82.281
41.906
26.141
-41.719
189.48
-70.125
400.7
-324.69
136.06
-24.891
172.95
142.64
-208.67
-314.8
-157.64
169.2
-92.422
-196
-63.859
230.44
-284.45
605.16
-243.14
-33.313
-119.28
97.953
-274.03
2 8 8
0.956284 0 0 
0.561775 0 0 
0.574042 0 0 
0.191559 0 0 
0.541126 0 0 
0.551223 0 0 
0.168313 0 0 
0.931764 0 0 
0.566073 0 0 
1.30933 0 0 
-5.59143 0 0 
-0.501069 0 2 
1.12681 0 0 
-0.200173 0 6 
0.135147 0 3 
0.0701711 0 0 
1.6315 0 0 
-0.248163 0 2 
-0.410289 0 0 
-1.70102 0 0 
0.207707 0 0 
-2.27721 0 0 
0.0753368 0 0 
0.18443 0 1 
-2.01918 0 3 
1.12031 0 3 
0.442927 0 0 
-0.0914745 0 0 
-0.190479 0 0 
1.29509 0 0 
1.77853 0 0 
-0.215238 0 0 
-0.417777 0 0 
-2.01681 0 0 
-1.83902 0 0 
0.0468661 0 1 
0.338753 0 27 
-0.320695 0 0 
1.13689 0 0 
-0.315176 0 3 
0.159724 0 0 
0.915503 0 0 
2.25563 0 0 
-3.79788 0 0 
1.07619 0 0 
-1.96427 0 0 
-0.118639 0 0 
-1.34631 0 0 
-0.107636 0 1 
1.56246 0 0 
1.81164 0 0 
-0.765194 0 0 
0.191347 0 0 
-0.840517 0 0 
0.167157 0 5 
1.03938 0 0 
-0.94016 0 0 
0.53187 0 0 
-0.0454096 0 2 
-0.253354 0 0 
-0.798096 0 0 
-0.449899 0 0 
-1.10497 0 3 
0.117086 0 0 
4 8 8
-0.810503 0 6 
1.28021 0 39 
0.476699 0 57 
0.548436 0 0 
0.236045 0 42 
-0.183374 0 40 
0.420944 0 2 
0.299726 0 40 
0.261808 0 31 
-2.26074 0 63 
-0.2679 0 18 
0.123464 0 25 
-0.34131 0 6 
-0.360055 0 33 
-0.129528 0 53 
-0.255117 0 53 
0.382862 0 32 
0.749584 0 26 
-0.193372 0 36 
0.124219 0 34 
0.0929379 0 51 
-0.23959 0 33 
0.327414 0 62 
0.291676 0 2 
-0.214942 0 40 
0.847914 0 20 
0.515446 0 14 
-0.0563026 0 41 
0.13158 0 52 
-0.0639617 0 33 
0.158483 0 30 
0.308031 0 48 
0.0913482 0 61 
0.234043 0 38 
0.193957 0 42 
-0.123398 0 18 
-0.300672 0 59 
-0.604191 0 15 
-0.186455 0 36 
-0.188798 0 22 
-0.208017 0 31 
-0.16248 0 12 
0.175282 0 44 
-0.894131 0 14 
0.402989 0 59 
-0.212193 0 1 
0.262979 0 40 
-0.338893 0 50 
-0.273322 0 6 
0.74414 0 56 
0.311847 0 45 
0.217679 0 59 
0.14027 0 36 
0.727631 0 56 
0.116573 0 34 
0.179892 0 60 
0.0685652 0 42 
0.518478 0 57 
-0.160737 0 46 
-0.106896 0 21 
-0.170776 0 21 
0.262245 0 50 
0.0583681 0 44 
0.11891 0 40 
8 8 8
-0.253313 0 11 
-0.235804 0 51 
0.476224 0 21 
0.316598 0 18 
0.112452 0 12 
0.862186 0 27 
0.168599 0 2 
0.120222 0 0 
-0.222354 0 31 
0.134352 0 23 
-0.167784 0 18 
0.168811 0 11 
0.18324 0 12 
-0.294152 0 54 
0.297809 0 62 
0.140882 0 17 
-0.159862 0 2 
0.242529 0 54 
0.100897 0 32 
-0.0767948 0 47 
0.0629081 0 45 
0.12534 0 40 
-0.229326 0 45 
0.31296 0 63 
0.15626 0 42 
-0.196301 0 46 
-0.0652401 0 17 
0.0544549 0 14 
-0.216259 0 27 
0.0682416 0 2 
0.220264 0 46 
-0.195961 0 61 
-0.0977999 0 45 
0.158608 0 41 
-0.146139 0 9 
0.0646737 0 16 
0.0770388 0 5 
-0.0793742 0 2 
-0.0970059 0 49 
-0.113415 0 33 
-0.0799821 0 42 
-0.299253 0 5 
-0.146875 0 23 
-0.0889667 0 26 
-0.101165 0 31 
0.109783 0 12 
-0.102095 0 43 
0.084365 0 4 
0.0503355 0 8 
-0.102916 0 12 
0.46709 0 35 
0.124768 0 58 
0.375928 0 20 
0.470488 0 46 
0.250437 0 33 
-0.153768 0 52 
0.0686094 0 18 
0.122513 0 57 
-0.116332 0 45 
0.0882995 0 23 
-0.101265 0 44 
-0.279397 0 30 
-0.066653 0 1 
0.0503155 0 22 
16 8 8
0.251877 0 63 
-0.10962 0 53 
-0.139013 0 47 
-0.0805358 0 11 
-0.0772068 0 23 
0.0753033 0 61 
0.106027 0 8 
-0.110607 0 0 
0.243287 0 51 
0.115729 0 14 
-0.0932726 0 4 
-0.101354 0 41 
0.0886002 0 12 
-0.12779 0 57 
0.202335 0 39 
-0.0765884 0 3 
0.129116 0 37 
0.0804147 0 2 
0.0384202 0 34 
0.0466775 0 24 
-0.0320856 0 37 
-0.0458004 0 46 
-0.0600754 0 12 
0.129468 0 52 
-0.074124 0 45 
0.240165 0 39 
0.05715 0 51 
0.0210338 0 0 
0.032597 0 41 
0.0191236 0 8 
0.0650721 0 15 
-0.0441137 0 50 
0.0336072 0 50 
-0.100286 0 4 
0.0793959 0 39 
0.0247991 0 5 
0.0264435 0 14 
0.0502611 0 45 
0.0523688 0 12 
0.0490968 0 44 
0.0521312 0 23 
0.0682423 0 16 
0.130367 0 47 
0.046901 0 43 
0.0270019 0 6 
-0.0484844 0 1 
0.0446136 0 15 
-0.0363659 0 54 
0.0243013 0 11 
0.134688 0 52 
-0.145893 0 32 
0.0520434 0 40 
0.0297135 0 0 
-0.191704 0 31 
-0.204066 0 62 
-0.0366818 0 54 
0.0269886 0 4 
0.0686265 0 31 
0.0834077 0 60 
-0.0644261 0 12 
0.0475391 0 22 
-0.0807247 0 16 
-0.105548 0 26 
0.020811 0 30 
32 8 8
0.0530454 0 59 
-0.116742 0 44 
-0.0393294 0 42 
0.032255 0 33 
0.0469313 0 4 
-0.0218756 0 15 
-0.0616519 0 23 
-0.134087 0 56 
-0.054992 0 30 
0.0275065 0 53 
0.0225067 0 0 
0.057278 0 60 
0.0313915 0 3 
0.0616401 0 13 
-0.0959893 0 19 
-0.125383 0 27 
0.146403 0 63 
0.0992399 0 40 
0.0101223 0 1 
-0.0468694 0 20 
-0.0123632 0 61 
0.0574554 0 21 
0.0539416 0 42 
-0.0191067 0 17 
0.0319256 0 24 
0.0282335 0 12 
0.0296116 0 26 
0.0113702 0 12 
0.051355 0 28 
0.0538378 0 29 
-0.0363986 0 7 
0.058299 0 18 
-0.0223709 0 46 
-0.0249378 0 61 
0.0521626 0 34 
0.0463752 0 56 
0.0334742 0 36 
-0.0487747 0 29 
-0.0739448 0 40 
-0.0172962 0 8 
0.0425522 0 40 
0.0189729 0 1 
0.0709544 0 43 
0.0548509 0 43 
0.0606789 0 44 
0.0275999 0 45 
-0.022666 0 11 
0.0275548 0 2 
0.0508823 0 48 
0.037663 0 49 
0.0396838 0 50 
-0.0436993 0 26 
0.0404268 0 52 
0.0491574 0 53 
0.0636213 0 54 
0.0203274 0 41 
0.0471189 0 56 
0.0366593 0 57 
0.0258164 0 58 
-0.0648009 0 19 
0.0146631 0 61 
0.0455558 0 61 
-0.0205727 0 2 
0.0954081 0 63 
