6  8  8  255
96.875
253.83
363.17
347.48
-53.75
-317.58
-593.34
-513.98
-40.516
-40.25
-145.73
-29.5
-114.86
181.56
-171.41
46.422
-37.969
-66.094
-99.172
-328.59
87.734
-65.844
268.58
170.17
254.39
-904.22
-51.906
288.25
504.84
-228.12
299.27
-703.86
390.91
1274.6
332.78
-869.47
-23.578
-120.33
804.03
1630.8
-1003.6
-641.98
-1242.3
1225.2
3126
3004
1415.3
-222.19
-777.47
-1269.6
152.91
404.69
-35.844
-251.23
506.81
-7.1875
-46.172
150.2
-272.44
-730.58
-1176.6
-977.89
-672.02
-547.88
2 8 8
-0.242966 0 10 
0.926532 0 0 
1.05251 0 0 
1.59379 0 0 
0.046449 0 0 
-0.263954 0 0 
-0.369032 0 0 
-0.0441135 0 0 
-0.212504 0 0 
-0.562952 0 20 
0.190473 0 53 
-0.306945 0 0 
-0.136537 0 2 
-0.391961 0 17 
0.0656258 0 0 
-0.0402065 0 0 
0.475961 0 0 
0.201924 0 0 
-0.0552431 0 0 
-0.165514 0 2 
0.387017 0 0 
0.0120955 0 0 
1.1354 0 0 
0.505391 0 0 
-0.222026 0 0 
0.520312 0 0 
-0.248872 0 0 
0.32439 0 3 
-4.11934 0 16 
-0.692735 0 0 
0.745086 0 0 
1.52784 0 11 
3.35679 0 0 
0.340025 0 38 
6.13529 0 15 
1.05646 0 0 
2.052 0 0 
5.86684 0 0 
4.27902 0 0 
5.88128 0 0 
-10.8393 0 0 
-1.12806 0 28 
-0.327097 0 6 
3.96034 0 0 
0.867913 0 28 
6.79737 0 0 
1.06183 0 0 
0.557497 0 0 
2.58519 0 0 
-0.299071 0 0 
-0.278189 0 2 
0.792907 0 0 
-0.161289 0 0 
-0.500565 0 0 
2.57822 0 0 
-0.125969 0 0 
1.1401 0 0 
1.74461 0 0 
0.8092 0 0 
-2.21137 0 0 
-5.33985 0 0 
-5.81055 0 0 
-4.64139 0 0 
-0.572783 0 2 
4 8 8
0.330915 0 0 
0.335404 0 1 
0.288618 0 2 
0.31663 0 3 
0.340845 0 16 
0.038634 0 46 
0.25336 0 18 
0.150871 0 56 
-0.0716859 0 30 
-0.044739 0 48 
-0.296689 0 25 
-0.0649907 0 46 
-0.184143 0 21 
-0.381353 0 52 
0.037148 0 41 
-0.0219923 0 36 
0.15494 0 14 
-0.579257 0 55 
-0.130903 0 19 
0.133292 0 19 
0.522516 0 8 
0.419891 0 8 
0.106192 0 56 
-0.375245 0 19 
-0.0103984 0 38 
0.0212786 0 35 
-0.113768 0 29 
-0.0144108 0 40 
0.1153 0 46 
-0.42673 0 7 
0.576141 0 7 
-0.376549 0 56 
0.184515 0 32 
-0.420463 0 11 
0.186666 0 39 
2.02575 0 5 
-0.228959 0 54 
2.2054 0 12 
0.933388 0 56 
0.289492 0 39 
-0.186046 0 47 
1.28441 0 21 
0.652954 0 21 
-0.110399 0 40 
0.860701 0 27 
-0.413034 0 62 
0.260418 0 35 
0.183851 0 47 
2.0435 0 0 
-0.229619 0 47 
0.986882 0 21 
0.301049 0 51 
0.239053 0 52 
0.424404 0 53 
0.164875 0 35 
0.411927 0 55 
0.167968 0 32 
-0.137461 0 21 
0.821749 0 29 
-1.19172 0 1 
-1.57353 0 1 
0.314149 0 61 
0.403022 0 62 
0.45174 0 63 
8 8 8
0.344937 0 0 
0.440866 0 1 
0.445747 0 2 
0.443118 0 1 
0.442366 0 1 
-0.0673113 0 60 
0.468206 0 5 
-0.0739553 0 60 
0.207964 0 8 
0.254125 0 9 
0.205794 0 10 
0.224068 0 11 
0.148157 0 3 
0.15559 0 7 
0.232614 0 14 
0.196597 0 15 
0.209849 0 16 
0.187349 0 18 
0.0190232 0 49 
0.180565 0 19 
0.323782 0 20 
0.162776 0 21 
0.12394 0 22 
0.223977 0 23 
0.434072 0 8 
0.273399 0 25 
0.316379 0 26 
0.382766 0 13 
0.331227 0 28 
0.270329 0 29 
0.224654 0 30 
-0.353859 0 11 
0.231884 0 32 
-1.01293 0 9 
0.278505 0 34 
0.181287 0 35 
0.224009 0 36 
-0.983736 0 5 
0.11141 0 39 
0.139687 0 39 
0.39374 0 40 
0.42255 0 41 
0.186483 0 42 
0.239639 0 43 
-0.445753 0 25 
0.172291 0 45 
0.216062 0 46 
0.226458 0 47 
0.199328 0 49 
0.179908 0 49 
0.231735 0 50 
0.267277 0 51 
0.172422 0 55 
0.271689 0 53 
0.102623 0 54 
0.432014 0 55 
0.377984 0 2 
0.0795412 0 39 
0.188723 0 59 
0.207683 0 60 
0.204281 0 63 
-0.401221 0 29 
0.210924 0 63 
0.858324 0 12 
16 8 8
0.464963 0 0 
0.484836 0 1 
0.462871 0 1 
0.479441 0 1 
0.479552 0 4 
0.509905 0 5 
0.521326 0 5 
0.471089 0 7 
0.229788 0 8 
0.190874 0 9 
0.230282 0 10 
0.223088 0 11 
0.10737 0 12 
0.184767 0 13 
0.147112 0 14 
0.208753 0 15 
0.235009 0 16 
0.191735 0 17 
0.0208953 0 6 
0.170477 0 19 
0.17446 0 20 
0.217575 0 21 
0.178845 0 22 
0.204514 0 23 
0.018416 0 44 
0.169954 0 25 
0.186152 0 26 
0.130992 0 27 
0.162391 0 28 
0.240164 0 29 
0.183942 0 30 
0.153425 0 31 
0.215447 0 32 
0.134172 0 33 
0.154974 0 34 
0.18882 0 35 
0.168488 0 36 
0.225402 0 37 
0.212409 0 38 
0.220819 0 39 
0.148009 0 40 
0.156735 0 41 
0.198642 0 42 
0.196345 0 43 
0.246528 0 44 
0.237333 0 45 
0.201599 0 46 
0.197955 0 47 
0.169176 0 48 
0.212075 0 49 
0.185935 0 50 
0.233259 0 51 
0.108844 0 52 
0.225743 0 53 
0.229316 0 54 
0.455934 0 55 
-0.0469959 0 41 
0.0814603 0 59 
-0.51478 0 5 
0.15385 0 59 
-0.394528 0 51 
0.0885483 0 37 
0.162626 0 62 
-0.305219 0 0 
32 8 8
0.496441 0 1 
0.49587 0 1 
0.496365 0 2 
0.472576 0 1 
0.463936 0 5 
0.493034 0 5 
0.497611 0 6 
0.518621 0 5 
0.16678 0 8 
0.184477 0 9 
0.229564 0 10 
0.201346 0 11 
0.168411 0 12 
0.22117 0 13 
0.193901 0 14 
0.177281 0 15 
0.169626 0 16 
0.240204 0 17 
0.237713 0 18 
0.238002 0 19 
0.249493 0 20 
0.222865 0 21 
0.204662 0 22 
0.247828 0 23 
0.248785 0 24 
0.231995 0 25 
0.221547 0 26 
0.216771 0 27 
0.217668 0 28 
0.241126 0 29 
0.227866 0 30 
0.215039 0 31 
0.192252 0 32 
0.189563 0 33 
0.197304 0 34 
0.193116 0 35 
0.209051 0 36 
0.214147 0 37 
0.208463 0 38 
0.207185 0 39 
0.192982 0 40 
0.201857 0 41 
0.198631 0 42 
0.184195 0 43 
0.205995 0 44 
0.224741 0 45 
0.213844 0 46 
0.206599 0 47 
0.200036 0 48 
0.213233 0 49 
0.198865 0 50 
0.221291 0 51 
0.154327 0 52 
0.191362 0 53 
0.205555 0 54 
0.276936 0 55 
0.180123 0 56 
0.187251 0 57 
0.198324 0 58 
0.206008 0 59 
0.203308 0 60 
0.212248 0 61 
0.192955 0 62 
0.197871 0 63 
