6  8  8  255
124.55
-435.41
-103.83
-248.98
300.44
-578.83
-430.88
968.92
-1281.1
-515.95
-221.63
-1418.9
952.86
578.03
1765.4
-1603.6
-1563.3
-922.89
-193.95
-198.55
-969.48
272.08
2872.8
-452.11
-1670.1
-471.98
1091.5
-1055.9
-958.69
1813.2
-2276.8
173.56
-2285.2
-365.12
36.516
-916.06
-433.72
720.88
-1361.7
-774.59
-2537.7
-63.937
574.72
-1248.3
-187.62
-435.66
100.94
-566.38
-1803.9
-69.062
535.75
-978.31
-941.98
1646.2
-148.02
2230.3
-1073
-103.3
506.42
-947.42
-261.98
-25.938
-974.69
195.19
2 8 8
0.351845 0 42 
-1.2347 0 0 
0.0598489 0 19 
-0.289601 0 0 
1.07551 0 0 
-1.72265 0 0 
0.366459 0 0 
2.21341 0 0 
-0.139445 0 16 
-1.46937 0 0 
-0.30548 0 0 
-1.99129 0 0 
-0.579213 0 1 
1.06138 0 0 
-1.06456 0 2 
-2.22451 0 0 
-0.0363702 0 16 
0.767324 0 5 
0.921124 0 0 
0.537093 0 3 
-0.84774 0 0 
0.45846 0 0 
0.10445 0 0 
0.145243 0 11 
-0.204636 0 1 
-1.61977 0 0 
-3.59903 0 2 
-0.869849 0 4 
-2.21349 0 0 
6.34458 0 0 
-2.43414 0 0 
0.47659 0 0 
0.886261 0 0 
-1.47342 0 0 
2.21216 0 0 
-0.711682 0 0 
-4.19271 0 0 
-0.245813 0 3 
-3.90075 0 0 
-1.2175 0 0 
-1.34433 0 0 
-1.95365 0 0 
-1.78072 0 2 
-1.90078 0 0 
0.0560723 0 0 
0.286963 0 18 
-0.00574826 0 35 
-1.89872 0 0 
0.218284 0 0 
1.40695 0 0 
0.0781614 0 0 
-2.08626 0 0 
1.93203 0 2 
-0.0703733 0 0 
-1.21545 0 0 
-0.973649 0 5 
-5.03027 0 0 
0.562704 0 0 
0.224127 0 0 
-2.60957 0 0 
-0.597973 0 0 
-2.65624 0 2 
0.472689 0 2 
-0.419007 0 1 
4 8 8
0.236184 0 34 
0.230719 0 1 
0.0704636 0 9 
0.224161 0 3 
0.220434 0 4 
0.0784344 0 38 
0.16217 0 6 
-1.40527 0 3 
0.236665 0 14 
0.256191 0 9 
0.181194 0 18 
0.284462 0 11 
0.160584 0 12 
-0.319405 0 39 
-0.882087 0 10 
0.298992 0 15 
0.410603 0 16 
0.461384 0 17 
0.260219 0 18 
-0.278254 0 57 
0.104969 0 27 
0.197101 0 21 
0.329704 0 22 
0.180464 0 23 
0.32464 0 16 
0.337913 0 1 
-0.0869652 0 47 
0.405799 0 43 
0.194876 0 28 
0.30022 0 37 
0.986366 0 60 
-0.0632278 0 43 
0.24811 0 16 
2.33693 0 2 
-0.2444 0 62 
-0.482958 0 21 
-0.197742 0 13 
-1.19187 0 9 
0.411603 0 5 
0.172039 0 39 
0.307292 0 5 
-0.0769013 0 35 
-0.382573 0 20 
0.433108 0 52 
0.317038 0 44 
-0.276813 0 13 
0.378457 0 46 
0.211185 0 38 
-0.194627 0 46 
-0.308521 0 40 
-1.24275 0 10 
0.122325 0 44 
0.262379 0 9 
0.683096 0 21 
-0.160306 0 44 
0.174051 0 55 
0.0973076 0 45 
0.613982 0 57 
-0.118688 0 37 
-0.0651197 0 29 
0.0625261 0 30 
0.748121 0 16 
-0.128057 0 12 
-0.180099 0 28 
8 8 8
0.230022 0 0 
0.131599 0 1 
0.175885 0 2 
0.257717 0 3 
0.247465 0 4 
0.203022 0 5 
0.198334 0 6 
0.255925 0 7 
0.223646 0 8 
0.359562 0 9 
0.341317 0 10 
0.235724 0 11 
0.246357 0 12 
0.157299 0 13 
0.240872 0 14 
0.231768 0 15 
0.253801 0 16 
0.212529 0 25 
0.162668 0 18 
0.0457248 0 33 
0.265644 0 20 
0.197771 0 21 
0.166726 0 22 
0.289795 0 23 
0.258923 0 24 
0.296732 0 25 
0.164504 0 26 
0.210931 0 27 
0.25173 0 28 
0.22145 0 29 
0.218255 0 30 
0.171078 0 31 
0.24245 0 40 
0.153662 0 33 
0.233049 0 57 
0.199556 0 35 
0.141353 0 36 
0.202501 0 37 
0.206903 0 38 
0.240738 0 39 
0.278197 0 40 
-0.133791 0 50 
-0.110153 0 29 
-0.245175 0 46 
0.158225 0 62 
-0.263652 0 23 
0.341308 0 46 
0.211581 0 47 
0.142076 0 48 
-0.214242 0 47 
0.171538 0 61 
0.187543 0 51 
0.2021 0 52 
0.223555 0 53 
0.367015 0 54 
0.220158 0 55 
0.23972 0 56 
0.262965 0 57 
0.132497 0 13 
0.198031 0 59 
0.228439 0 60 
-0.168443 0 17 
0.190822 0 62 
0.231549 0 63 
16 8 8
0.229606 0 0 
0.204764 0 1 
0.0814966 0 2 
0.210344 0 3 
0.234077 0 4 
0.239741 0 5 
0.226612 0 6 
0.247834 0 7 
0.238314 0 8 
0.139463 0 9 
0.187013 0 10 
0.2032 0 11 
0.213483 0 12 
0.257474 0 13 
0.268912 0 14 
0.22187 0 15 
0.233608 0 16 
0.284502 0 17 
0.234 0 18 
0.210869 0 19 
0.168007 0 20 
0.265007 0 21 
0.248994 0 22 
0.229697 0 23 
0.239883 0 24 
0.192815 0 25 
0.160684 0 26 
0.187806 0 20 
0.146588 0 28 
0.231639 0 29 
0.215345 0 30 
0.212371 0 31 
0.289991 0 24 
0.113045 0 33 
0.187852 0 34 
0.229585 0 35 
0.210526 0 36 
0.230738 0 37 
0.206755 0 38 
0.22415 0 39 
0.217631 0 40 
0.11627 0 41 
0.183192 0 42 
0.218057 0 43 
0.161797 0 44 
0.16762 0 45 
0.191265 0 46 
0.184538 0 47 
0.247299 0 48 
0.202534 0 49 
0.107963 0 50 
0.15416 0 51 
0.254719 0 52 
0.19801 0 53 
0.201886 0 54 
0.240082 0 55 
0.220317 0 56 
-0.198696 0 9 
0.190901 0 58 
0.210539 0 59 
0.231673 0 60 
0.21099 0 61 
0.202267 0 62 
0.234255 0 63 
32 8 8
0.222406 0 0 
0.1528 0 1 
-0.00766995 0 22 
0.0938715 0 3 
0.146674 0 4 
0.190041 0 5 
0.238171 0 6 
0.21885 0 7 
0.225108 0 8 
0.181534 0 9 
0.181851 0 10 
0.215422 0 11 
0.23045 0 12 
0.208097 0 13 
0.20068 0 14 
0.237124 0 15 
0.235864 0 16 
0.225612 0 17 
0.186218 0 18 
0.175039 0 19 
0.167173 0 20 
0.212047 0 21 
0.201678 0 22 
0.234049 0 23 
0.234255 0 24 
0.211066 0 25 
0.192498 0 26 
0.171894 0 27 
0.170009 0 28 
0.218767 0 29 
0.229479 0 30 
0.0148572 0 44 
0.22988 0 32 
0.180115 0 33 
0.179666 0 34 
0.208922 0 35 
0.238105 0 36 
0.188612 0 37 
0.22269 0 38 
0.2485 0 39 
0.229841 0 40 
0.174525 0 41 
0.170969 0 42 
0.208413 0 43 
0.215724 0 44 
0.182579 0 45 
0.201626 0 46 
0.238774 0 47 
0.242856 0 48 
0.18596 0 49 
0.190905 0 50 
0.183727 0 51 
0.225475 0 52 
0.200948 0 53 
0.226187 0 54 
0.243376 0 55 
0.22442 0 56 
0.120138 0 57 
0.157753 0 58 
0.211541 0 59 
0.105864 0 60 
0.198273 0 61 
0.238019 0 62 
0.224044 0 63 
