6  8  8  255
89.328
98.656
70.141
-648.58
-74.187
206.8
-126.62
969.86
280.67
-6.2656
-44
-156
-1271.5
165.5
350.38
-1202.7
-73.844
-5.7031
-389.33
1096
1220.1
47.078
1033
-477.86
16.234
-164.08
1102.2
-784.86
102.53
440.03
-609.94
199
237.89
-6.625
152.39
0.875
-575.81
-353.31
-395.78
-785.81
26.844
-2.2812
117.31
552.02
314.28
312.78
-86.438
-203.91
-309.53
534.5
-8.3125
-330.56
99.703
-1706.5
-765.58
654.44
-282.27
-158.95
205.77
-453.2
48.172
-31.219
925.91
245.06
2 8 8
0.565243 0 0 
0.345459 0 0 
-0.0137309 0 0 
-3.3657 0 52 
-0.534838 0 1 
0.619399 0 2 
0.246476 0 0 
2.97514 0 2 
0.944806 0 0 
-0.103978 0 1 
0.122829 0 13 
-0.32063 0 0 
0.372003 0 3 
-0.656818 0 0 
-1.22206 0 0 
-3.29317 0 0 
-0.354209 0 0 
0.0226539 0 0 
-0.724244 0 0 
3.33893 0 0 
3.88171 0 0 
1.00691 0 0 
1.98731 0 0 
-1.55545 0 0 
0.0527382 0 0 
0.00533287 0 0 
1.84939 0 0 
-0.929412 0 0 
-0.139607 0 3 
3.26761 0 0 
-1.40267 0 0 
0.0787127 0 0 
0.327358 0 0 
-0.536227 0 10 
-0.739485 0 0 
0.225657 0 0 
-1.37275 0 0 
-0.960477 0 0 
-1.09726 0 0 
-1.89522 0 0 
0.12472 0 0 
1.08744 0 0 
-0.00874306 0 0 
1.76082 0 0 
-0.138759 0 21 
0.469295 0 0 
-0.131189 0 0 
-0.349129 0 0 
-1.1849 0 0 
0.738159 0 0 
0.0640057 0 0 
-1.29878 0 0 
-0.279459 0 0 
-5.22753 0 0 
-1.17236 0 0 
2.90465 0 0 
-0.244504 0 2 
-0.329989 0 0 
0.100831 0 0 
-1.45522 0 0 
0.125981 0 1 
0.135579 0 0 
2.41925 0 1 
1.36749 0 0 
4 8 8
0.232708 0 0 
0.331225 0 1 
0.432761 0 2 
0.648024 0 2 
0.402306 0 4 
0.227854 0 5 
0.221333 0 6 
0.200994 0 29 
-0.130264 0 48 
-0.0528741 0 43 
0.0436407 0 55 
0.049596 0 13 
0.219862 0 12 
0.204753 0 13 
0.253473 0 13 
0.347426 0 39 
0.17665 0 16 
0.0102176 0 28 
-0.0542857 0 20 
0.282726 0 19 
-0.517978 0 18 
-2.23618 0 25 
0.32239 0 22 
0.231979 0 23 
0.0352482 0 50 
-0.121337 0 52 
-1.40545 0 16 
0.271533 0 27 
0.289491 0 28 
0.459491 0 26 
0.195875 0 39 
-0.0282807 0 13 
-0.137723 0 38 
-0.365139 0 30 
0.758014 0 32 
0.244758 0 35 
0.416457 0 48 
0.161489 0 37 
0.253626 0 38 
0.19368 0 39 
-0.0943639 0 11 
-0.126978 0 59 
-1.63916 0 10 
0.270603 0 43 
-0.631933 0 34 
-0.656326 0 46 
-0.110068 0 45 
-0.1505 0 27 
-0.974904 0 10 
0.161895 0 63 
0.288205 0 6 
-0.527164 0 49 
0.458136 0 52 
0.193764 0 53 
0.515292 0 57 
1.80279 0 1 
0.384797 0 56 
0.327598 0 57 
-0.180926 0 42 
-0.125854 0 26 
0.0927682 0 33 
0.267941 0 61 
-0.606818 0 34 
0.213779 0 63 
8 8 8
0.241409 0 0 
-0.202529 0 16 
0.105937 0 2 
0.43986 0 3 
0.194611 0 4 
0.190211 0 5 
0.220177 0 6 
0.221733 0 7 
0.249758 0 8 
0.216816 0 9 
0.224885 0 10 
0.213105 0 11 
0.286951 0 12 
0.258123 0 13 
0.212983 0 14 
0.249659 0 15 
0.181372 0 16 
0.208954 0 17 
0.174406 0 18 
0.256763 0 19 
0.254364 0 20 
0.178015 0 21 
0.22807 0 22 
0.249873 0 23 
0.172494 0 24 
0.259167 0 25 
0.194603 0 26 
0.212458 0 27 
0.211713 0 28 
0.186902 0 29 
0.267465 0 30 
0.18711 0 31 
0.21855 0 32 
0.160491 0 26 
-1.13079 0 46 
0.203568 0 35 
0.114687 0 36 
0.111378 0 37 
0.236606 0 38 
0.229066 0 39 
0.210418 0 40 
0.101883 0 41 
0.206893 0 42 
0.235425 0 43 
0.175256 0 44 
0.234119 0 45 
0.277183 0 46 
0.359746 0 47 
0.244842 0 48 
0.14556 0 33 
-0.672977 0 2 
0.356835 0 51 
0.172649 0 52 
0.257363 0 53 
0.206058 0 54 
0.263206 0 55 
0.217502 0 56 
0.198015 0 57 
0.15949 0 58 
0.20047 0 18 
0.218008 0 60 
0.234062 0 61 
0.244323 0 62 
0.224246 0 63 
16 8 8
0.245329 0 0 
0.167678 0 1 
0.0201216 0 3 
0.232012 0 3 
0.199799 0 4 
0.229991 0 5 
0.23877 0 6 
0.246763 0 7 
0.215573 0 8 
0.19295 0 9 
0.143681 0 10 
0.193592 0 11 
0.18649 0 12 
0.233296 0 13 
0.243827 0 14 
0.228479 0 15 
0.194406 0 16 
0.197324 0 17 
0.18154 0 18 
0.145616 0 19 
0.205518 0 20 
0.213019 0 21 
0.255815 0 22 
0.247715 0 23 
0.137483 0 24 
0.182163 0 25 
0.179751 0 26 
0.193581 0 27 
0.215385 0 28 
0.205491 0 29 
0.211036 0 30 
0.221903 0 31 
0.160189 0 32 
0.175004 0 33 
0.184224 0 34 
0.232949 0 35 
0.177524 0 36 
0.177101 0 37 
0.181341 0 38 
0.226259 0 39 
0.214785 0 40 
0.233122 0 41 
0.197758 0 42 
0.246 0 43 
0.213615 0 44 
0.249603 0 45 
0.253321 0 46 
0.259772 0 47 
0.249875 0 48 
0.169819 0 49 
0.0878832 0 50 
0.133652 0 51 
0.170756 0 52 
0.237843 0 53 
0.252731 0 54 
0.219707 0 55 
0.202666 0 56 
0.189226 0 57 
0.160139 0 58 
0.225535 0 59 
0.22293 0 60 
0.241337 0 61 
0.232436 0 62 
0.224529 0 63 
32 8 8
0.171457 0 0 
0.145225 0 1 
0.162912 0 2 
0.206247 0 3 
0.229512 0 4 
0.123457 0 5 
0.242716 0 6 
0.218467 0 7 
0.157882 0 8 
0.149398 0 9 
0.160893 0 10 
0.172058 0 11 
0.239988 0 12 
0.233513 0 13 
0.225133 0 14 
0.22735 0 15 
0.0655915 0 46 
0.172772 0 17 
0.183326 0 18 
0.182287 0 19 
0.207821 0 20 
0.220645 0 21 
0.222742 0 22 
0.216576 0 23 
0.0804737 0 24 
0.190817 0 25 
0.20815 0 26 
0.195219 0 27 
0.210884 0 28 
0.211702 0 29 
0.221998 0 30 
0.143352 0 31 
0.0872154 0 32 
0.197503 0 33 
0.199069 0 34 
0.225526 0 35 
0.224817 0 36 
0.219981 0 37 
0.197733 0 38 
0.227608 0 39 
0.199029 0 40 
0.220146 0 41 
0.214974 0 42 
0.207133 0 43 
0.204633 0 44 
0.182776 0 45 
0.151389 0 46 
0.220206 0 47 
0.203449 0 48 
0.195407 0 49 
0.205204 0 50 
0.168283 0 51 
0.213674 0 52 
0.230487 0 53 
0.223924 0 54 
0.230606 0 55 
0.209652 0 56 
0.196052 0 57 
0.18489 0 58 
0.231425 0 59 
0.12846 0 60 
0.219887 0 61 
0.227196 0 62 
0.214298 0 63 
